1258338
905849
1188848
1150394
1174992
951304
1053436
745688
1360373
1349196
211370
636610
1174068
911549
1155695
1306141
521463
1356529
857183
61599
1262911
713053
1356385
931601
956955
1085422
1105385
814162
306525
867132
1211031
679587
899390
691189
11431
411064
1196451
1111870
1061003
850013
555133
898454
946643
1173633
2011
464153
949457
511007
158357
963670
902001
1165972
137442
414954
126878
870270
145916
91943
790190
546427
654791
87367
301823
218130
174955
398712
883009
444252
279842
394659
583321
81854
634453
731801
381124
