# Field name 	 mag 	 C 	 gamma 	 z_0 	 beta 
XMM 18 11.707267074604658 0.512619485408567 0.25875271316244414 8.671969886467464
XMM 19 21.165055307797825 1.301451050171448 0.35371462868787285 6.807185718094289
XMM 20 6.9753060838851875 1.1296443745651388 0.5405699647415365 7.5550463727746
XMM 21 2.999129731439455 1.0010963080116373 0.7842577206597456 7.723900571063317
XMM 22 1.7445046884100697 0.9694460585037182 1.0383277816722436 11.296615072531047
XMM 23 1.2711519922712373 1.17457915698571 1.2003800376384064 7.984708735230519
XMM 24 0.5577703660948091 1.5724294339291636 1.6494375940095312 8.16559215801187
XMM 25 0.0696908701829951 7.999999999999858 1.4966076711619265 11.925867276633758
XMM 26 0.03398281022684439 7.161763960045765 1.6916299297876125 10.639668798446577
XMM 27 0.09820904241774125 2.270511508707616 2.794380591622232 13.371144641586255
