| redshift | tau_gyr | age_gyr | log_massformed | metallicity |   sfr_inst_msun_per_yr | stellar_mass_living_msun |  halpha_flux_erg_s_cm2 |    oiii_flux_erg_s_cm2 |
|     4.64 |     0.1 |    0.01 |            8.0 |        0.02 |     19.338925609931877 |               70000000.0 | 1.6643832983990584e-17 | 5.7535463127191455e-18 |
|     4.64 |     0.1 |    0.01 |           8.25 |        0.02 |      34.39001322441627 |       124479558.70272458 |  2.959738549955714e-17 | 1.0231412942613821e-17 |
|     4.64 |     0.1 |    0.01 |            8.5 |        0.02 |      61.15505242794573 |       221359436.21178657 |  5.263242122484706e-17 | 1.8194310971455907e-17 |
|     4.64 |     0.1 |    0.01 |           8.75 |        0.02 |     108.75077055246673 |       393638927.63324434 |  9.359515096464109e-17 |  3.235456858038532e-17 |
|     4.64 |     0.1 |    0.01 |            9.0 |        0.02 |      193.3892560993188 |              700000000.0 | 1.6643832983990588e-16 |  5.753546312719149e-17 |
|     4.64 |     0.1 |    0.01 |           9.25 |        0.02 |     343.90013224416276 |       1244795587.0272458 |  2.959738549955715e-16 | 1.0231412942613823e-16 |
|     4.64 |     0.1 |    0.01 |            9.5 |        0.02 |      611.5505242794572 |       2213594362.1178656 |  5.263242122484704e-16 |  1.819431097145591e-16 |
|     4.64 |     0.1 |    0.01 |           9.75 |        0.02 |     1087.5077055246672 |        3936389276.332443 |  9.359515096464105e-16 | 3.2354568580385305e-16 |
|     4.64 |     0.1 |    0.01 |           10.0 |        0.02 |     1933.8925609931878 |             7000000000.0 | 1.6643832983990589e-15 |  5.753546312719148e-16 |
|     4.64 |     0.1 |    0.01 |          10.25 |        0.02 |     3439.0013224416275 |       12447955870.272459 | 2.9597385499557127e-15 | 1.0231412942613815e-15 |
|     4.64 |     0.1 |    0.01 |           10.5 |        0.02 |      6115.505242794573 |       22135943621.178654 |    5.2632421224847e-15 | 1.8194310971455887e-15 |
|     4.64 |     0.1 |    0.01 |          10.75 |        0.02 |     10875.077055246671 |        39363892763.32443 |  9.359515096464109e-15 |   3.23545685803853e-15 |
|     4.64 |     0.1 |    0.01 |           11.0 |        0.02 |     19338.925609931877 |            70000000000.0 |  1.664383298399058e-14 |  5.753546312719144e-15 |
|     4.64 |     0.1 |    0.01 |          11.25 |        0.02 |      34390.01322441628 |       124479558702.72458 |  2.959738549955714e-14 |  1.023141294261382e-14 |
|     4.64 |     0.1 |     0.1 |            8.0 |        0.02 |     1.3922111911773336 |               70000000.0 | 1.6559752802106841e-18 |  5.553863636911608e-19 |
|     4.64 |     0.1 |     0.1 |           8.25 |        0.02 |      2.475740495696415 |       124479558.70272458 | 2.9447867443320974e-18 |  9.876321351683802e-19 |
|     4.64 |     0.1 |     0.1 |            8.5 |        0.02 |      4.402558348096492 |       221359436.21178657 | 5.2366536344013205e-18 | 1.7562858906627083e-18 |
|     4.64 |     0.1 |     0.1 |           8.75 |        0.02 |      7.828978861914962 |       393638927.63324434 |   9.31223333556136e-18 | 3.1231670375073655e-18 |
|     4.64 |     0.1 |     0.1 |            9.0 |        0.02 |     13.922111911773339 |              700000000.0 | 1.6559752802106853e-17 |   5.55386363691161e-18 |
|     4.64 |     0.1 |     0.1 |           9.25 |        0.02 |     24.757404956964145 |       1244795587.0272458 |  2.944786744332095e-17 |  9.876321351683797e-18 |
|     4.64 |     0.1 |     0.1 |            9.5 |        0.02 |     44.025583480964904 |       2213594362.1178656 |  5.236653634401324e-17 | 1.7562858906627096e-17 |
|     4.64 |     0.1 |     0.1 |           9.75 |        0.02 |      78.28978861914963 |        3936389276.332443 |  9.312233335561363e-17 |  3.123167037507366e-17 |
|     4.64 |     0.1 |     0.1 |           10.0 |        0.02 |     139.22111911773337 |             7000000000.0 | 1.6559752802106848e-16 |  5.553863636911608e-17 |
|     4.64 |     0.1 |     0.1 |          10.25 |        0.02 |     247.57404956964152 |       12447955870.272459 | 2.9447867443320955e-16 |  9.876321351683801e-17 |
|     4.64 |     0.1 |     0.1 |           10.5 |        0.02 |     440.25583480964906 |       22135943621.178654 |  5.236653634401321e-16 | 1.7562858906627092e-16 |
|     4.64 |     0.1 |     0.1 |          10.75 |        0.02 |      782.8978861914962 |        39363892763.32443 |  9.312233335561354e-16 |  3.123167037507364e-16 |
|     4.64 |     0.1 |     0.1 |           11.0 |        0.02 |     1392.2111911773338 |            70000000000.0 |  1.655975280210685e-15 |  5.553863636911609e-16 |
|     4.64 |     0.1 |     0.1 |          11.25 |        0.02 |     2475.7404956964147 |       124479558702.72458 |  2.944786744332097e-15 |  9.876321351683802e-16 |
|     4.64 |     0.1 |     0.2 |            8.0 |        0.02 |     0.4556788418556052 |               70000000.0 |  5.505208689563563e-19 | 1.8441016471013034e-19 |
|     4.64 |     0.1 |     0.2 |           8.25 |        0.02 |     0.8103243020622052 |       124479558.70272458 |  9.789799260618247e-19 |  3.279327989059111e-19 |
|     4.64 |     0.1 |     0.2 |            8.5 |        0.02 |     1.4409830218113802 |       221359436.21178657 | 1.7408998453571698e-18 |  5.831561441708166e-19 |
|     4.64 |     0.1 |     0.2 |           8.75 |        0.02 |     2.5624704379028453 |       393638927.63324434 |  3.095806349938598e-18 | 1.0370145640166522e-18 |
|     4.64 |     0.1 |     0.2 |            9.0 |        0.02 |      4.556788418556052 |              700000000.0 |  5.505208689563563e-18 |  1.844101647101303e-18 |
|     4.64 |     0.1 |     0.2 |           9.25 |        0.02 |      8.103243020622052 |       1244795587.0272458 |  9.789799260618237e-18 | 3.2793279890591095e-18 |
|     4.64 |     0.1 |     0.2 |            9.5 |        0.02 |     14.409830218113802 |       2213594362.1178656 | 1.7408998453571704e-17 |  5.831561441708164e-18 |
|     4.64 |     0.1 |     0.2 |           9.75 |        0.02 |     25.624704379028454 |        3936389276.332443 |  3.095806349938601e-17 | 1.0370145640166524e-17 |
|     4.64 |     0.1 |     0.2 |           10.0 |        0.02 |     45.567884185560516 |             7000000000.0 |   5.50520868956356e-17 | 1.8441016471013018e-17 |
|     4.64 |     0.1 |     0.2 |          10.25 |        0.02 |      81.03243020622054 |       12447955870.272459 |  9.789799260618237e-17 |  3.279327989059108e-17 |
|     4.64 |     0.1 |     0.2 |           10.5 |        0.02 |       144.098302181138 |       22135943621.178654 | 1.7408998453571684e-16 |   5.83156144170816e-17 |
|     4.64 |     0.1 |     0.2 |          10.75 |        0.02 |     256.24704379028447 |        39363892763.32443 |  3.095806349938601e-16 | 1.0370145640166524e-16 |
|     4.64 |     0.1 |     0.2 |           11.0 |        0.02 |      455.6788418556052 |            70000000000.0 |  5.505208689563561e-16 | 1.8441016471013022e-16 |
|     4.64 |     0.1 |     0.2 |          11.25 |        0.02 |      810.3243020622052 |       124479558702.72458 |  9.789799260618243e-16 |   3.27932798905911e-16 |
|     4.64 |     0.1 |     0.3 |            8.0 |        0.02 |    0.18650294449763954 |               70000000.0 |  2.264885295962998e-19 |  7.583750005115803e-20 |
|     4.64 |     0.1 |     0.3 |           8.25 |        0.02 |     0.3316543461117844 |       124479558.70272458 | 4.0275988879109103e-19 | 1.3486026484980005e-19 |
|     4.64 |     0.1 |     0.3 |            8.5 |        0.02 |     0.5897740949405087 |       221359436.21178657 | 7.1621961742676375e-19 | 2.3981923221479535e-19 |
|     4.64 |     0.1 |     0.3 |           8.75 |        0.02 |     1.0487831296070476 |       393638927.63324434 | 1.2736385987359685e-18 |  4.264656027789138e-19 |
|     4.64 |     0.1 |     0.3 |            9.0 |        0.02 |     1.8650294449763956 |              700000000.0 | 2.2648852959629984e-18 |  7.583750005115806e-19 |
|     4.64 |     0.1 |     0.3 |           9.25 |        0.02 |     3.3165434611178437 |       1244795587.0272458 | 4.0275988879109086e-18 |     1.348602648498e-18 |
|     4.64 |     0.1 |     0.3 |            9.5 |        0.02 |      5.897740949405087 |       2213594362.1178656 |  7.162196174267639e-18 | 2.3981923221479534e-18 |
|     4.64 |     0.1 |     0.3 |           9.75 |        0.02 |     10.487831296070476 |        3936389276.332443 | 1.2736385987359694e-17 |  4.264656027789141e-18 |
|     4.64 |     0.1 |     0.3 |           10.0 |        0.02 |     18.650294449763955 |             7000000000.0 |  2.264885295962998e-17 |  7.583750005115804e-18 |
|     4.64 |     0.1 |     0.3 |          10.25 |        0.02 |      33.16543461117844 |       12447955870.272459 | 4.0275988879109117e-17 | 1.3486026484980012e-17 |
|     4.64 |     0.1 |     0.3 |           10.5 |        0.02 |      58.97740949405087 |       22135943621.178654 |  7.162196174267638e-17 | 2.3981923221479543e-17 |
|     4.64 |     0.1 |     0.3 |          10.75 |        0.02 |     104.87831296070473 |        39363892763.32443 | 1.2736385987359683e-16 | 4.2646560277891375e-17 |
|     4.64 |     0.1 |     0.3 |           11.0 |        0.02 |     186.50294449763956 |            70000000000.0 |  2.264885295962997e-16 |  7.583750005115801e-17 |
|     4.64 |     0.1 |     0.3 |          11.25 |        0.02 |     331.65434611178443 |       124479558702.72458 |  4.027598887910911e-16 | 1.3486026484980006e-16 |
|     4.64 |     0.1 |     0.4 |            8.0 |        0.02 |    0.08064816928306753 |               70000000.0 |  9.819064423793598e-20 |   3.28716806496864e-20 |
|     4.64 |     0.1 |     0.4 |           8.25 |        0.02 |    0.14341497889341254 |       124479558.70272458 | 1.7461040090677841e-19 |  5.845503287271217e-20 |
|     4.64 |     0.1 |     0.4 |            8.5 |        0.02 |    0.25503190405732223 |       221359436.21178657 |  3.105060807111659e-19 | 1.0394938137069248e-19 |
|     4.64 |     0.1 |     0.4 |           8.75 |        0.02 |    0.45351798388815806 |       393638927.63324434 |  5.521665700205503e-19 | 1.8485104457778612e-19 |
|     4.64 |     0.1 |     0.4 |            9.0 |        0.02 |     0.8064816928306755 |              700000000.0 |   9.81906442379359e-19 |  3.287168064968639e-19 |
|     4.64 |     0.1 |     0.4 |           9.25 |        0.02 |     1.4341497889341253 |       1244795587.0272458 | 1.7461040090677838e-18 |  5.845503287271218e-19 |
|     4.64 |     0.1 |     0.4 |            9.5 |        0.02 |      2.550319040573222 |       2213594362.1178656 |  3.105060807111659e-18 |  1.039493813706925e-18 |
|     4.64 |     0.1 |     0.4 |           9.75 |        0.02 |      4.535179838881581 |        3936389276.332443 |  5.521665700205504e-18 |  1.848510445777861e-18 |
|     4.64 |     0.1 |     0.4 |           10.0 |        0.02 |      8.064816928306755 |             7000000000.0 |  9.819064423793587e-18 |  3.287168064968639e-18 |
|     4.64 |     0.1 |     0.4 |          10.25 |        0.02 |     14.341497889341253 |       12447955870.272459 |  1.746104009067784e-17 |  5.845503287271218e-18 |
|     4.64 |     0.1 |     0.4 |           10.5 |        0.02 |     25.503190405732223 |       22135943621.178654 | 3.1050608071116574e-17 | 1.0394938137069246e-17 |
|     4.64 |     0.1 |     0.4 |          10.75 |        0.02 |       45.3517983888158 |        39363892763.32443 | 5.5216657002054983e-17 | 1.8485104457778592e-17 |
|     4.64 |     0.1 |     0.4 |           11.0 |        0.02 |      80.64816928306755 |            70000000000.0 |  9.819064423793593e-17 |   3.28716806496864e-17 |
|     4.64 |     0.1 |     0.4 |          11.25 |        0.02 |     143.41497889341252 |       124479558702.72458 | 1.7461040090677832e-16 |  5.845503287271215e-17 |
|     4.64 |     0.1 |     0.5 |            8.0 |        0.02 |    0.03510911513730711 |               70000000.0 | 4.2810101681536353e-20 |  1.433001563227127e-20 |
|     4.64 |     0.1 |     0.5 |           8.25 |        0.02 |    0.06243381655335912 |       124479558.70272458 |  7.612832236194872e-20 | 2.5482771744403873e-20 |
|     4.64 |     0.1 |     0.5 |            8.5 |        0.02 |     0.1110247704669858 |       221359436.21178657 |  1.353774281770591e-19 | 4.5315488303795084e-20 |
|     4.64 |     0.1 |     0.5 |           8.75 |        0.02 |    0.19743306332573832 |       393638927.63324434 | 2.4073889311128745e-19 |  8.058359980649846e-20 |
|     4.64 |     0.1 |     0.5 |            9.0 |        0.02 |     0.3510911513730712 |              700000000.0 | 4.2810101681536334e-19 | 1.4330015632271265e-19 |
|     4.64 |     0.1 |     0.5 |           9.25 |        0.02 |     0.6243381655335911 |       1244795587.0272458 |  7.612832236194874e-19 |  2.548277174440389e-19 |
|     4.64 |     0.1 |     0.5 |            9.5 |        0.02 |      1.110247704669858 |       2213594362.1178656 | 1.3537742817705908e-18 |  4.531548830379506e-19 |
|     4.64 |     0.1 |     0.5 |           9.75 |        0.02 |     1.9743306332573831 |        3936389276.332443 | 2.4073889311128728e-18 |  8.058359980649842e-19 |
|     4.64 |     0.1 |     0.5 |           10.0 |        0.02 |      3.510911513730712 |             7000000000.0 |   4.28101016815363e-18 | 1.4330015632271253e-18 |
|     4.64 |     0.1 |     0.5 |          10.25 |        0.02 |      6.243381655335912 |       12447955870.272459 |  7.612832236194873e-18 |  2.548277174440389e-18 |
|     4.64 |     0.1 |     0.5 |           10.5 |        0.02 |      11.10247704669858 |       22135943621.178654 |  1.353774281770591e-17 |  4.531548830379507e-18 |
|     4.64 |     0.1 |     0.5 |          10.75 |        0.02 |      19.74330633257383 |        39363892763.32443 | 2.4073889311128716e-17 |  8.058359980649836e-18 |
|     4.64 |     0.1 |     0.5 |           11.0 |        0.02 |      35.10911513730712 |            70000000000.0 |  4.281010168153633e-17 |  1.433001563227126e-17 |
|     4.64 |     0.1 |     0.5 |          11.25 |        0.02 |     62.433816553359115 |       124479558702.72458 |  7.612832236194872e-17 | 2.5482771744403883e-17 |
|     4.64 |     0.1 |     0.8 |            8.0 |        0.02 |   0.002691828092752804 |               70000000.0 |  3.289878238805697e-21 | 1.1010408217604067e-21 |
|     4.64 |     0.1 |     0.8 |           8.25 |        0.02 |   0.004786822472706654 |       124479558.70272458 |   5.85032273360329e-21 |  1.957958222948868e-21 |
|     4.64 |     0.1 |     0.8 |            8.5 |        0.02 |    0.00851230784272585 |       221359436.21178657 | 1.0403508459249356e-20 | 3.4817967935863715e-21 |
|     4.64 |     0.1 |     0.8 |           8.75 |        0.02 |   0.015137261768632218 |       393638927.63324434 | 1.8500344885248892e-20 | 6.1916075479741855e-21 |
|     4.64 |     0.1 |     0.8 |            9.0 |        0.02 |   0.026918280927528043 |              700000000.0 |    3.2898782388057e-20 | 1.1010408217604078e-20 |
|     4.64 |     0.1 |     0.8 |           9.25 |        0.02 |   0.047868224727066554 |       1244795587.0272458 |  5.850322733603288e-20 | 1.9579582229488676e-20 |
|     4.64 |     0.1 |     0.8 |            9.5 |        0.02 |    0.08512307842725848 |       2213594362.1178656 |  1.040350845924935e-19 |   3.48179679358637e-20 |
|     4.64 |     0.1 |     0.8 |           9.75 |        0.02 |    0.15137261768632215 |        3936389276.332443 | 1.8500344885248892e-19 |  6.191607547974187e-20 |
|     4.64 |     0.1 |     0.8 |           10.0 |        0.02 |    0.26918280927528043 |             7000000000.0 |  3.289878238805699e-19 | 1.1010408217604077e-19 |
|     4.64 |     0.1 |     0.8 |          10.25 |        0.02 |     0.4786822472706656 |       12447955870.272459 |  5.850322733603289e-19 | 1.9579582229488676e-19 |
|     4.64 |     0.1 |     0.8 |           10.5 |        0.02 |     0.8512307842725848 |       22135943621.178654 | 1.0403508459249366e-18 | 3.4817967935863744e-19 |
|     4.64 |     0.1 |     0.8 |          10.75 |        0.02 |      1.513726176863222 |        39363892763.32443 |  1.850034488524889e-18 |  6.191607547974186e-19 |
|     4.64 |     0.1 |     0.8 |           11.0 |        0.02 |     2.6918280927528038 |            70000000000.0 | 3.2898782388056993e-18 | 1.1010408217604073e-18 |
|     4.64 |     0.1 |     0.8 |          11.25 |        0.02 |      4.786822472706655 |       124479558702.72458 |  5.850322733603289e-18 | 1.9579582229488682e-18 |
|     4.64 |     0.1 |     1.0 |            8.0 |        0.02 | 0.00045422613780712835 |               70000000.0 |  5.557303273137325e-22 |  1.859782542073827e-22 |
|     4.64 |     0.1 |     1.0 |           8.25 |        0.02 |  0.0008077409883639189 |       124479558.70272458 |  9.882437985962025e-22 |  3.307213001719735e-22 |
|     4.64 |     0.1 |     1.0 |            8.5 |        0.02 |   0.001436389168252046 |       221359436.21178657 |  1.757373599142278e-21 |  5.881148785571223e-22 |
|     4.64 |     0.1 |     1.0 |           8.75 |        0.02 |  0.0025543012827055475 |       393638927.63324434 | 3.1251012871007083e-21 |  1.045832579275672e-21 |
|     4.64 |     0.1 |     1.0 |            9.0 |        0.02 |   0.004542261378071284 |              700000000.0 |  5.557303273137326e-21 |  1.859782542073827e-21 |
|     4.64 |     0.1 |     1.0 |           9.25 |        0.02 |   0.008077409883639189 |       1244795587.0272458 |  9.882437985962026e-21 |  3.307213001719736e-21 |
|     4.64 |     0.1 |     1.0 |            9.5 |        0.02 |    0.01436389168252046 |       2213594362.1178656 | 1.7573735991422786e-20 | 5.8811487855712225e-21 |
|     4.64 |     0.1 |     1.0 |           9.75 |        0.02 |   0.025543012827055473 |        3936389276.332443 |  3.125101287100709e-20 | 1.0458325792756723e-20 |
|     4.64 |     0.1 |     1.0 |           10.0 |        0.02 |    0.04542261378071284 |             7000000000.0 |  5.557303273137324e-20 | 1.8597825420738265e-20 |
|     4.64 |     0.1 |     1.0 |          10.25 |        0.02 |    0.08077409883639187 |       12447955870.272459 |  9.882437985962017e-20 |  3.307213001719733e-20 |
|     4.64 |     0.1 |     1.0 |           10.5 |        0.02 |    0.14363891682520458 |       22135943621.178654 | 1.7573735991422773e-19 |  5.881148785571219e-20 |
|     4.64 |     0.1 |     1.0 |          10.75 |        0.02 |    0.25543012827055467 |        39363892763.32443 | 3.1251012871007085e-19 | 1.0458325792756722e-19 |
|     4.64 |     0.1 |     1.0 |           11.0 |        0.02 |     0.4542261378071284 |            70000000000.0 |  5.557303273137327e-19 | 1.8597825420738272e-19 |
|     4.64 |     0.1 |     1.0 |          11.25 |        0.02 |     0.8077409883639188 |       124479558702.72458 |  9.882437985962019e-19 | 3.3072130017197336e-19 |
|     4.64 |     0.3 |    0.01 |            8.0 |        0.02 |     19.778396429633663 |               70000000.0 | 1.6756019624124193e-17 |  5.795791792835656e-18 |
|     4.64 |     0.3 |    0.01 |           8.25 |        0.02 |      35.17151513440489 |       124479558.70272458 |  2.979688469178819e-17 | 1.0306537210072223e-17 |
|     4.64 |     0.3 |    0.01 |            8.5 |        0.02 |      62.54478118338458 |       221359436.21178657 |  5.298718653071088e-17 | 1.8327902909471416e-17 |
|     4.64 |     0.3 |    0.01 |           8.75 |        0.02 |     111.22209658380265 |       393638927.63324434 |  9.422602280345482e-17 |  3.259213237310546e-17 |
|     4.64 |     0.3 |    0.01 |            9.0 |        0.02 |     197.78396429633665 |              700000000.0 | 1.6756019624124176e-16 |  5.795791792835648e-17 |
|     4.64 |     0.3 |    0.01 |           9.25 |        0.02 |      351.7151513440489 |       1244795587.0272458 | 2.9796884691788144e-16 | 1.0306537210072205e-16 |
|     4.64 |     0.3 |    0.01 |            9.5 |        0.02 |      625.4478118338457 |       2213594362.1178656 |  5.298718653071084e-16 |   1.83279029094714e-16 |
|     4.64 |     0.3 |    0.01 |           9.75 |        0.02 |     1112.2209658380264 |        3936389276.332443 |  9.422602280345475e-16 | 3.2592132373105446e-16 |
|     4.64 |     0.3 |    0.01 |           10.0 |        0.02 |     1977.8396429633665 |             7000000000.0 |  1.675601962412418e-15 |  5.795791792835651e-16 |
|     4.64 |     0.3 |    0.01 |          10.25 |        0.02 |     3517.1515134404895 |       12447955870.272459 |  2.979688469178813e-15 | 1.0306537210072202e-15 |
|     4.64 |     0.3 |    0.01 |           10.5 |        0.02 |      6254.478118338457 |       22135943621.178654 |  5.298718653071087e-15 | 1.8327902909471414e-15 |
|     4.64 |     0.3 |    0.01 |          10.75 |        0.02 |     11122.209658380261 |        39363892763.32443 |  9.422602280345481e-15 | 3.2592132373105465e-15 |
|     4.64 |     0.3 |    0.01 |           11.0 |        0.02 |     19778.396429633664 |            70000000000.0 | 1.6756019624124174e-14 | 5.7957917928356496e-15 |
|     4.64 |     0.3 |    0.01 |          11.25 |        0.02 |     35171.515134404886 |       124479558702.72458 |  2.979688469178817e-14 | 1.0306537210072212e-14 |
|     4.64 |     0.3 |     0.1 |            8.0 |        0.02 |     1.7840836785516268 |               70000000.0 | 2.0802246402538316e-18 |  6.987016638664162e-19 |
|     4.64 |     0.3 |     0.1 |           8.25 |        0.02 |     3.1725992713548576 |       124479558.70272458 |  3.699220646019013e-18 | 1.2424867826135841e-18 |
|     4.64 |     0.3 |     0.1 |            8.5 |        0.02 |     5.6417679605548345 |       221359436.21178657 | 6.5782479080064954e-18 | 2.2094886627672447e-18 |
|     4.64 |     0.3 |     0.1 |           8.75 |        0.02 |     10.032639800471946 |       393638927.63324434 |  1.169796280893956e-17 |   3.92908819571342e-18 |
|     4.64 |     0.3 |     0.1 |            9.0 |        0.02 |      17.84083678551627 |              700000000.0 | 2.0802246402538307e-17 |  6.987016638664157e-18 |
|     4.64 |     0.3 |     0.1 |           9.25 |        0.02 |      31.72599271354858 |       1244795587.0272458 |  3.699220646019018e-17 |  1.242486782613585e-17 |
|     4.64 |     0.3 |     0.1 |            9.5 |        0.02 |      56.41767960554834 |       2213594362.1178656 |  6.578247908006495e-17 | 2.2094886627672443e-17 |
|     4.64 |     0.3 |     0.1 |           9.75 |        0.02 |     100.32639800471947 |        3936389276.332443 | 1.1697962808939572e-16 |  3.929088195713424e-17 |
|     4.64 |     0.3 |     0.1 |           10.0 |        0.02 |     178.40836785516268 |             7000000000.0 | 2.0802246402538304e-16 |  6.987016638664156e-17 |
|     4.64 |     0.3 |     0.1 |          10.25 |        0.02 |     317.25992713548584 |       12447955870.272459 |  3.699220646019014e-16 | 1.2424867826135844e-16 |
|     4.64 |     0.3 |     0.1 |           10.5 |        0.02 |      564.1767960554832 |       22135943621.178654 |  6.578247908006497e-16 | 2.2094886627672444e-16 |
|     4.64 |     0.3 |     0.1 |          10.75 |        0.02 |     1003.2639800471945 |        39363892763.32443 | 1.1697962808939568e-15 | 3.9290881957134223e-16 |
|     4.64 |     0.3 |     0.1 |           11.0 |        0.02 |     1784.0836785516265 |            70000000000.0 | 2.0802246402538314e-15 |   6.98701663866416e-16 |
|     4.64 |     0.3 |     0.1 |          11.25 |        0.02 |     3172.5992713548576 |       124479558702.72458 |  3.699220646019016e-15 | 1.2424867826135847e-15 |
|     4.64 |     0.3 |     0.2 |            8.0 |        0.02 |      0.790636845368783 |               70000000.0 |  9.361913815877696e-19 | 3.1407241256158353e-19 |
|     4.64 |     0.3 |     0.2 |           8.25 |        0.02 |     1.4059732229374344 |       124479558.70272458 |  1.664809857733424e-18 |  5.585085045195144e-19 |
|     4.64 |     0.3 |     0.2 |            8.5 |        0.02 |      2.500213233415704 |       221359436.21178657 |  2.960497091637176e-18 |   9.93184173918683e-19 |
|     4.64 |     0.3 |     0.2 |           8.75 |        0.02 |      4.446077713689986 |       393638927.63324434 | 5.2645910215385045e-18 | 1.7661589668561102e-18 |
|     4.64 |     0.3 |     0.2 |            9.0 |        0.02 |       7.90636845368783 |              700000000.0 |  9.361913815877699e-18 | 3.1407241256158367e-18 |
|     4.64 |     0.3 |     0.2 |           9.25 |        0.02 |     14.059732229374346 |       1244795587.0272458 |  1.664809857733423e-17 |  5.585085045195139e-18 |
|     4.64 |     0.3 |     0.2 |            9.5 |        0.02 |      25.00213233415704 |       2213594362.1178656 |  2.960497091637172e-17 |  9.931841739186816e-18 |
|     4.64 |     0.3 |     0.2 |           9.75 |        0.02 |      44.46077713689986 |        3936389276.332443 |  5.264591021538501e-17 | 1.7661589668561092e-17 |
|     4.64 |     0.3 |     0.2 |           10.0 |        0.02 |       79.0636845368783 |             7000000000.0 |  9.361913815877693e-17 | 3.1407241256158334e-17 |
|     4.64 |     0.3 |     0.2 |          10.25 |        0.02 |     140.59732229374347 |       12447955870.272459 | 1.6648098577334235e-16 |  5.585085045195141e-17 |
|     4.64 |     0.3 |     0.2 |           10.5 |        0.02 |      250.0213233415704 |       22135943621.178654 |  2.960497091637173e-16 |  9.931841739186824e-17 |
|     4.64 |     0.3 |     0.2 |          10.75 |        0.02 |     444.60777136899856 |        39363892763.32443 |  5.264591021538499e-16 | 1.7661589668561086e-16 |
|     4.64 |     0.3 |     0.2 |           11.0 |        0.02 |      790.6368453687829 |            70000000000.0 |   9.36191381587769e-16 | 3.1407241256158337e-16 |
|     4.64 |     0.3 |     0.2 |          11.25 |        0.02 |     1405.9732229374342 |       124479558702.72458 | 1.6648098577334223e-15 |  5.585085045195138e-16 |
|     4.64 |     0.3 |     0.3 |            8.0 |        0.02 |     0.4640703970591113 |               70000000.0 |  5.523171134840851e-19 | 1.8521872703958675e-19 |
|     4.64 |     0.3 |     0.3 |           8.25 |        0.02 |      0.825246831898805 |       124479558.70272458 |   9.82174150720879e-19 |  3.293706486481165e-19 |
|     4.64 |     0.3 |     0.3 |            8.5 |        0.02 |     1.4675194493654973 |       221359436.21178657 | 1.7465800692994057e-18 |  5.857130427621101e-19 |
|     4.64 |     0.3 |     0.3 |           8.75 |        0.02 |     2.6096596206383214 |       393638927.63324434 |  3.105907375219488e-18 | 1.0415614441351075e-18 |
|     4.64 |     0.3 |     0.3 |            9.0 |        0.02 |      4.640703970591112 |              700000000.0 |  5.523171134840851e-18 | 1.8521872703958675e-18 |
|     4.64 |     0.3 |     0.3 |           9.25 |        0.02 |       8.25246831898805 |       1244795587.0272458 |    9.8217415072088e-18 | 3.2937064864811677e-18 |
|     4.64 |     0.3 |     0.3 |            9.5 |        0.02 |      14.67519449365497 |       2213594362.1178656 | 1.7465800692994052e-17 |  5.857130427621101e-18 |
|     4.64 |     0.3 |     0.3 |           9.75 |        0.02 |     26.096596206383214 |        3936389276.332443 |  3.105907375219489e-17 | 1.0415614441351076e-17 |
|     4.64 |     0.3 |     0.3 |           10.0 |        0.02 |     46.407039705911124 |             7000000000.0 |   5.52317113484085e-17 |  1.852187270395867e-17 |
|     4.64 |     0.3 |     0.3 |          10.25 |        0.02 |       82.5246831898805 |       12447955870.272459 |  9.821741507208793e-17 |  3.293706486481165e-17 |
|     4.64 |     0.3 |     0.3 |           10.5 |        0.02 |      146.7519449365497 |       22135943621.178654 | 1.7465800692994047e-16 |  5.857130427621097e-17 |
|     4.64 |     0.3 |     0.3 |          10.75 |        0.02 |      260.9659620638321 |        39363892763.32443 | 3.1059073752194887e-16 | 1.0415614441351079e-16 |
|     4.64 |     0.3 |     0.3 |           11.0 |        0.02 |     464.07039705911126 |            70000000000.0 |  5.523171134840848e-16 |  1.852187270395867e-16 |
|     4.64 |     0.3 |     0.3 |          11.25 |        0.02 |      825.2468318988049 |       124479558702.72458 |  9.821741507208798e-16 | 3.2937064864811664e-16 |
|     4.64 |     0.3 |     0.4 |            8.0 |        0.02 |    0.30434426206665055 |               70000000.0 |  3.631392986606075e-19 | 1.2175474227426252e-19 |
|     4.64 |     0.3 |     0.4 |           8.25 |        0.02 |     0.5412091347966147 |       124479558.70272458 |   6.45763137784133e-19 | 2.1651395126091662e-19 |
|     4.64 |     0.3 |     0.4 |            8.5 |        0.02 |     0.9624210609337996 |       221359436.21178657 | 1.1483472916836524e-18 |  3.850223015134591e-19 |
|     4.64 |     0.3 |     0.4 |           8.75 |        0.02 |     1.7114535564463915 |       393638927.63324434 | 2.0420823443749995e-18 |   6.84677231187182e-19 |
|     4.64 |     0.3 |     0.4 |            9.0 |        0.02 |      3.043442620666506 |              700000000.0 |  3.631392986606074e-18 |  1.217547422742625e-18 |
|     4.64 |     0.3 |     0.4 |           9.25 |        0.02 |      5.412091347966147 |       1244795587.0272458 |  6.457631377841334e-18 | 2.1651395126091667e-18 |
|     4.64 |     0.3 |     0.4 |            9.5 |        0.02 |      9.624210609337997 |       2213594362.1178656 | 1.1483472916836516e-17 | 3.8502230151345885e-18 |
|     4.64 |     0.3 |     0.4 |           9.75 |        0.02 |     17.114535564463914 |        3936389276.332443 | 2.0420823443749994e-17 | 6.8467723118718196e-18 |
|     4.64 |     0.3 |     0.4 |           10.0 |        0.02 |     30.434426206665055 |             7000000000.0 |  3.631392986606076e-17 | 1.2175474227426259e-17 |
|     4.64 |     0.3 |     0.4 |          10.25 |        0.02 |      54.12091347966147 |       12447955870.272459 |  6.457631377841333e-17 | 2.1651395126091662e-17 |
|     4.64 |     0.3 |     0.4 |           10.5 |        0.02 |      96.24210609337999 |       22135943621.178654 | 1.1483472916836515e-16 |  3.850223015134589e-17 |
|     4.64 |     0.3 |     0.4 |          10.75 |        0.02 |     171.14535564463912 |        39363892763.32443 | 2.0420823443749996e-16 |  6.846772311871819e-17 |
|     4.64 |     0.3 |     0.4 |           11.0 |        0.02 |      304.3442620666505 |            70000000000.0 | 3.6313929866060717e-16 | 1.2175474227426244e-16 |
|     4.64 |     0.3 |     0.4 |          11.25 |        0.02 |      541.2091347966146 |       124479558702.72458 |   6.45763137784133e-16 | 2.1651395126091655e-16 |
|     4.64 |     0.3 |     0.5 |            8.0 |        0.02 |     0.2114128213409365 |               70000000.0 | 2.5263696563991383e-19 |  8.469533146696682e-20 |
|     4.64 |     0.3 |     0.5 |           8.25 |        0.02 |     0.3759510672088247 |       124479558.70272458 |  4.492591142121694e-19 |  1.506119640741288e-19 |
|     4.64 |     0.3 |     0.5 |            8.5 |        0.02 |     0.6685460419996123 |       221359436.21178657 |  7.989082325758253e-19 | 2.6783015461854508e-19 |
|     4.64 |     0.3 |     0.5 |           8.75 |        0.02 |     1.1888616611509273 |       393638927.63324434 |  1.420682060500178e-18 |     4.762768493457e-19 |
|     4.64 |     0.3 |     0.5 |            9.0 |        0.02 |      2.114128213409365 |              700000000.0 |  2.526369656399137e-18 |  8.469533146696684e-19 |
|     4.64 |     0.3 |     0.5 |           9.25 |        0.02 |      3.759510672088248 |       1244795587.0272458 | 4.4925911421216946e-18 | 1.5061196407412882e-18 |
|     4.64 |     0.3 |     0.5 |            9.5 |        0.02 |      6.685460419996123 |       2213594362.1178656 |  7.989082325758258e-18 | 2.6783015461854524e-18 |
|     4.64 |     0.3 |     0.5 |           9.75 |        0.02 |     11.888616611509274 |        3936389276.332443 | 1.4206820605001772e-17 | 4.7627684934569956e-18 |
|     4.64 |     0.3 |     0.5 |           10.0 |        0.02 |      21.14128213409365 |             7000000000.0 | 2.5263696563991378e-17 |  8.469533146696682e-18 |
|     4.64 |     0.3 |     0.5 |          10.25 |        0.02 |      37.59510672088248 |       12447955870.272459 |  4.492591142121696e-17 | 1.5061196407412884e-17 |
|     4.64 |     0.3 |     0.5 |           10.5 |        0.02 |      66.85460419996123 |       22135943621.178654 |  7.989082325758255e-17 | 2.6783015461854502e-17 |
|     4.64 |     0.3 |     0.5 |          10.75 |        0.02 |     118.88616611509273 |        39363892763.32443 | 1.4206820605001776e-16 |     4.762768493457e-17 |
|     4.64 |     0.3 |     0.5 |           11.0 |        0.02 |      211.4128213409365 |            70000000000.0 |  2.526369656399136e-16 |  8.469533146696678e-17 |
|     4.64 |     0.3 |     0.5 |          11.25 |        0.02 |      375.9510672088247 |       124479558702.72458 |  4.492591142121693e-16 | 1.5061196407412876e-16 |
|     4.64 |     0.3 |     0.8 |            8.0 |        0.02 |    0.08287815540478258 |               70000000.0 |  9.926541455080187e-20 |  3.327252199340691e-20 |
|     4.64 |     0.3 |     0.8 |           8.25 |        0.02 |    0.14738051729833093 |       124479558.70272458 | 1.7652164282466922e-19 |  5.916784078094278e-20 |
|     4.64 |     0.3 |     0.8 |            8.5 |        0.02 |    0.26208373935250723 |       221359436.21178657 |  3.139048028613545e-19 | 1.0521695299721188e-19 |
|     4.64 |     0.3 |     0.8 |           8.75 |        0.02 |     0.4660581173965713 |       393638927.63324434 | 5.5821044764067275e-19 | 1.8710514110197477e-19 |
|     4.64 |     0.3 |     0.8 |            9.0 |        0.02 |     0.8287815540478258 |              700000000.0 |  9.926541455080187e-19 | 3.3272521993406913e-19 |
|     4.64 |     0.3 |     0.8 |           9.25 |        0.02 |     1.4738051729833095 |       1244795587.0272458 |  1.765216428246691e-18 |  5.916784078094273e-19 |
|     4.64 |     0.3 |     0.8 |            9.5 |        0.02 |     2.6208373935250715 |       2213594362.1178656 | 3.1390480286135397e-18 | 1.0521695299721175e-18 |
|     4.64 |     0.3 |     0.8 |           9.75 |        0.02 |     4.6605811739657135 |        3936389276.332443 |  5.582104476406729e-18 |  1.871051411019748e-18 |
|     4.64 |     0.3 |     0.8 |           10.0 |        0.02 |       8.28781554047826 |             7000000000.0 |  9.926541455080186e-18 | 3.3272521993406902e-18 |
|     4.64 |     0.3 |     0.8 |          10.25 |        0.02 |     14.738051729833094 |       12447955870.272459 | 1.7652164282466908e-17 |  5.916784078094275e-18 |
|     4.64 |     0.3 |     0.8 |           10.5 |        0.02 |     26.208373935250716 |       22135943621.178654 | 3.1390480286135384e-17 | 1.0521695299721175e-17 |
|     4.64 |     0.3 |     0.8 |          10.75 |        0.02 |     46.605811739657135 |        39363892763.32443 |  5.582104476406733e-17 | 1.8710514110197494e-17 |
|     4.64 |     0.3 |     0.8 |           11.0 |        0.02 |      82.87815540478259 |            70000000000.0 |  9.926541455080188e-17 | 3.3272521993406905e-17 |
|     4.64 |     0.3 |     0.8 |          11.25 |        0.02 |     147.38051729833094 |       124479558702.72458 | 1.7652164282466922e-16 |  5.916784078094278e-17 |
|     4.64 |     0.3 |     1.0 |            8.0 |        0.02 |    0.04688570516748193 |               70000000.0 |  5.620108914214932e-20 | 1.8836821681124108e-20 |
|     4.64 |     0.3 |     1.0 |           8.25 |        0.02 |    0.08337588412448864 |       124479558.70272458 |  9.994123964324619e-20 |  3.349713214611776e-20 |
|     4.64 |     0.3 |     1.0 |            8.5 |        0.02 |    0.14826561803236926 |       221359436.21178657 | 1.7772344867135047e-19 |  5.956726039079416e-20 |
|     4.64 |     0.3 |     1.0 |           8.75 |        0.02 |     0.2636576957636579 |       393638927.63324434 | 3.1604194945337167e-19 | 1.0592723266537624e-19 |
|     4.64 |     0.3 |     1.0 |            9.0 |        0.02 |     0.4688570516748193 |              700000000.0 |  5.620108914214928e-19 |  1.883682168112409e-19 |
|     4.64 |     0.3 |     1.0 |           9.25 |        0.02 |     0.8337588412448864 |       1244795587.0272458 |  9.994123964324622e-19 | 3.3497132146117773e-19 |
|     4.64 |     0.3 |     1.0 |            9.5 |        0.02 |     1.4826561803236926 |       2213594362.1178656 | 1.7772344867135052e-18 |  5.956726039079414e-19 |
|     4.64 |     0.3 |     1.0 |           9.75 |        0.02 |     2.6365769576365787 |        3936389276.332443 |  3.160419494533716e-18 | 1.0592723266537618e-18 |
|     4.64 |     0.3 |     1.0 |           10.0 |        0.02 |      4.688570516748193 |             7000000000.0 |  5.620108914214933e-18 | 1.8836821681124105e-18 |
|     4.64 |     0.3 |     1.0 |          10.25 |        0.02 |      8.337588412448865 |       12447955870.272459 |   9.99412396432461e-18 | 3.3497132146117734e-18 |
|     4.64 |     0.3 |     1.0 |           10.5 |        0.02 |     14.826561803236924 |       22135943621.178654 | 1.7772344867135042e-17 |  5.956726039079412e-18 |
|     4.64 |     0.3 |     1.0 |          10.75 |        0.02 |     26.365769576365782 |        39363892763.32443 |   3.16041949453372e-17 | 1.0592723266537633e-17 |
|     4.64 |     0.3 |     1.0 |           11.0 |        0.02 |      46.88570516748193 |            70000000000.0 |  5.620108914214928e-17 | 1.8836821681124096e-17 |
|     4.64 |     0.3 |     1.0 |          11.25 |        0.02 |      83.37588412448864 |       124479558702.72458 |  9.994123964324619e-17 | 3.3497132146117757e-17 |
|     4.64 |     0.5 |    0.01 |            8.0 |        0.02 |     19.866889184691743 |               70000000.0 | 1.6778294155619028e-17 |  5.804182135156712e-18 |
|     4.64 |     0.5 |    0.01 |           8.25 |        0.02 |      35.32887997866228 |       124479558.70272458 | 2.9836495032513695e-17 | 1.0321457583064923e-17 |
|     4.64 |     0.5 |    0.01 |            8.5 |        0.02 |     62.824619845791474 |       221359436.21178657 |  5.305762478404774e-17 |  1.835443550155447e-17 |
|     4.64 |     0.5 |    0.01 |           8.75 |        0.02 |     111.71972791529367 |       393638927.63324434 |  9.435128169904296e-17 |  3.263931473530175e-17 |
|     4.64 |     0.5 |    0.01 |            9.0 |        0.02 |     198.66889184691738 |              700000000.0 | 1.6778294155619027e-16 |  5.804182135156709e-17 |
|     4.64 |     0.5 |    0.01 |           9.25 |        0.02 |      353.2887997866228 |       1244795587.0272458 | 2.9836495032513694e-16 | 1.0321457583064925e-16 |
|     4.64 |     0.5 |    0.01 |            9.5 |        0.02 |      628.2461984579147 |       2213594362.1178656 |   5.30576247840477e-16 | 1.8354435501554458e-16 |
|     4.64 |     0.5 |    0.01 |           9.75 |        0.02 |     1117.1972791529367 |        3936389276.332443 |  9.435128169904287e-16 | 3.2639314735301716e-16 |
|     4.64 |     0.5 |    0.01 |           10.0 |        0.02 |     1986.6889184691738 |             7000000000.0 |  1.677829415561902e-15 |  5.804182135156707e-16 |
|     4.64 |     0.5 |    0.01 |          10.25 |        0.02 |     3532.8879978662285 |       12447955870.272459 |  2.983649503251371e-15 |  1.032145758306493e-15 |
|     4.64 |     0.5 |    0.01 |           10.5 |        0.02 |      6282.461984579148 |       22135943621.178654 |   5.30576247840477e-15 |  1.835443550155446e-15 |
|     4.64 |     0.5 |    0.01 |          10.75 |        0.02 |     11171.972791529368 |        39363892763.32443 |   9.43512816990429e-15 |  3.263931473530174e-15 |
|     4.64 |     0.5 |    0.01 |           11.0 |        0.02 |      19866.88918469174 |            70000000000.0 | 1.6778294155619023e-14 |  5.804182135156709e-15 |
|     4.64 |     0.5 |    0.01 |          11.25 |        0.02 |     35328.879978662284 |       124479558702.72458 | 2.9836495032513687e-14 | 1.0321457583064923e-14 |
|     4.64 |     0.5 |     0.1 |            8.0 |        0.02 |     1.8689180011592623 |               70000000.0 |   2.17052505596373e-18 |  7.292431810083921e-19 |
|     4.64 |     0.5 |     0.1 |           8.25 |        0.02 |      3.323458400512615 |       124479558.70272458 | 3.8598000159938776e-18 | 1.2967981336985098e-18 |
|     4.64 |     0.5 |     0.1 |            8.5 |        0.02 |      5.910037643752477 |       221359436.21178657 | 6.8638028953098175e-18 | 2.3060694201329616e-18 |
|     4.64 |     0.5 |     0.1 |           8.75 |        0.02 |      10.50969825443998 |       393638927.63324434 | 1.2205759363294999e-17 |  4.100835767942846e-18 |
|     4.64 |     0.5 |     0.1 |            9.0 |        0.02 |     18.689180011592622 |              700000000.0 | 2.1705250559637285e-17 |  7.292431810083914e-18 |
|     4.64 |     0.5 |     0.1 |           9.25 |        0.02 |      33.23458400512616 |       1244795587.0272458 | 3.8598000159938767e-17 | 1.2967981336985092e-17 |
|     4.64 |     0.5 |     0.1 |            9.5 |        0.02 |     59.100376437524766 |       2213594362.1178656 |  6.863802895309823e-17 | 2.3060694201329637e-17 |
|     4.64 |     0.5 |     0.1 |           9.75 |        0.02 |      105.0969825443998 |        3936389276.332443 | 1.2205759363294995e-16 |  4.100835767942844e-17 |
|     4.64 |     0.5 |     0.1 |           10.0 |        0.02 |     186.89180011592623 |             7000000000.0 | 2.1705250559637262e-16 |  7.292431810083908e-17 |
|     4.64 |     0.5 |     0.1 |          10.25 |        0.02 |      332.3458400512616 |       12447955870.272459 |  3.859800015993879e-16 |   1.29679813369851e-16 |
|     4.64 |     0.5 |     0.1 |           10.5 |        0.02 |      591.0037643752476 |       22135943621.178654 |  6.863802895309816e-16 |  2.306069420132961e-16 |
|     4.64 |     0.5 |     0.1 |          10.75 |        0.02 |     1050.9698254439977 |        39363892763.32443 | 1.2205759363294992e-15 | 4.1008357679428424e-16 |
|     4.64 |     0.5 |     0.1 |           11.0 |        0.02 |     1868.9180011592625 |            70000000000.0 | 2.1705250559637284e-15 |  7.292431810083918e-16 |
|     4.64 |     0.5 |     0.1 |          11.25 |        0.02 |     3323.4584005126158 |       124479558702.72458 |  3.859800015993878e-15 |   1.29679813369851e-15 |
|     4.64 |     0.5 |     0.2 |            8.0 |        0.02 |     0.8712253027233926 |               70000000.0 | 1.0275018405833243e-18 |  3.448073622920717e-19 |
|     4.64 |     0.5 |     0.2 |           8.25 |        0.02 |     1.5492820173379367 |       124479558.70272458 | 1.8271853668864213e-18 |  6.131638327938223e-19 |
|     4.64 |     0.5 |     0.2 |            8.5 |        0.02 |      2.755056311775618 |       221359436.21178657 | 3.2492461162585353e-18 | 1.0903766188378025e-18 |
|     4.64 |     0.5 |     0.2 |           8.75 |        0.02 |      4.899259912728357 |       393638927.63324434 |  5.778067466691496e-18 |  1.938994290467125e-18 |
|     4.64 |     0.5 |     0.2 |            9.0 |        0.02 |      8.712253027233924 |              700000000.0 |  1.027501840583324e-17 |  3.448073622920716e-18 |
|     4.64 |     0.5 |     0.2 |           9.25 |        0.02 |     15.492820173379366 |       1244795587.0272458 | 1.8271853668864212e-17 |  6.131638327938225e-18 |
|     4.64 |     0.5 |     0.2 |            9.5 |        0.02 |     27.550563117756177 |       2213594362.1178656 |  3.249246116258538e-17 | 1.0903766188378035e-17 |
|     4.64 |     0.5 |     0.2 |           9.75 |        0.02 |      48.99259912728356 |        3936389276.332443 |  5.778067466691496e-17 | 1.9389942904671245e-17 |
|     4.64 |     0.5 |     0.2 |           10.0 |        0.02 |      87.12253027233926 |             7000000000.0 | 1.0275018405833235e-16 |  3.448073622920715e-17 |
|     4.64 |     0.5 |     0.2 |          10.25 |        0.02 |     154.92820173379363 |       12447955870.272459 | 1.8271853668864212e-16 |  6.131638327938224e-17 |
|     4.64 |     0.5 |     0.2 |           10.5 |        0.02 |      275.5056311775618 |       22135943621.178654 | 3.2492461162585354e-16 | 1.0903766188378024e-16 |
|     4.64 |     0.5 |     0.2 |          10.75 |        0.02 |     489.92599127283563 |        39363892763.32443 |   5.77806746669149e-16 | 1.9389942904671234e-16 |
|     4.64 |     0.5 |     0.2 |           11.0 |        0.02 |      871.2253027233926 |            70000000000.0 | 1.0275018405833243e-15 | 3.4480736229207175e-16 |
|     4.64 |     0.5 |     0.2 |          11.25 |        0.02 |     1549.2820173379366 |       124479558702.72458 |  1.827185366886422e-15 |  6.131638327938226e-16 |
|     4.64 |     0.5 |     0.3 |            8.0 |        0.02 |     0.5402514320671059 |               70000000.0 |  6.404121038083139e-19 |  2.148253786531065e-19 |
|     4.64 |     0.5 |     0.3 |           8.25 |        0.02 |     0.9607179978889763 |       124479558.70272458 | 1.1388316581420346e-18 | 3.8201954761263467e-19 |
|     4.64 |     0.5 |     0.3 |            8.5 |        0.02 |      1.708425034499784 |       221359436.21178657 | 2.0251608891744645e-18 |   6.79337495751932e-19 |
|     4.64 |     0.5 |     0.3 |           8.75 |        0.02 |      3.038057062446002 |       393638927.63324434 |  3.601301911235065e-18 | 1.2080518811630644e-18 |
|     4.64 |     0.5 |     0.3 |            9.0 |        0.02 |      5.402514320671059 |              700000000.0 |   6.40412103808314e-18 |  2.148253786531066e-18 |
|     4.64 |     0.5 |     0.3 |           9.25 |        0.02 |      9.607179978889762 |       1244795587.0272458 | 1.1388316581420346e-17 |  3.820195476126348e-18 |
|     4.64 |     0.5 |     0.3 |            9.5 |        0.02 |     17.084250344997837 |       2213594362.1178656 | 2.0251608891744656e-17 |  6.793374957519321e-18 |
|     4.64 |     0.5 |     0.3 |           9.75 |        0.02 |     30.380570624460017 |        3936389276.332443 |  3.601301911235067e-17 | 1.2080518811630648e-17 |
|     4.64 |     0.5 |     0.3 |           10.0 |        0.02 |      54.02514320671059 |             7000000000.0 |   6.40412103808314e-17 |  2.148253786531066e-17 |
|     4.64 |     0.5 |     0.3 |          10.25 |        0.02 |      96.07179978889764 |       12447955870.272459 |  1.138831658142034e-16 | 3.8201954761263465e-17 |
|     4.64 |     0.5 |     0.3 |           10.5 |        0.02 |     170.84250344997838 |       22135943621.178654 |  2.025160889174466e-16 |  6.793374957519322e-17 |
|     4.64 |     0.5 |     0.3 |          10.75 |        0.02 |      303.8057062446002 |        39363892763.32443 | 3.6013019112350646e-16 |  1.208051881163064e-16 |
|     4.64 |     0.5 |     0.3 |           11.0 |        0.02 |       540.251432067106 |            70000000000.0 |  6.404121038083144e-16 |  2.148253786531066e-16 |
|     4.64 |     0.5 |     0.3 |          11.25 |        0.02 |      960.7179978889762 |       124479558702.72458 | 1.1388316581420335e-15 |  3.820195476126344e-16 |
|     4.64 |     0.5 |     0.4 |            8.0 |        0.02 |    0.37599203575275386 |               70000000.0 | 4.4683097478567855e-19 | 1.4986009595230373e-19 |
|     4.64 |     0.5 |     0.4 |           8.25 |        0.02 |     0.6686188955177407 |       124479558.70272458 |   7.94590322228994e-19 |  2.664931230184393e-19 |
|     4.64 |     0.5 |     0.4 |            8.5 |        0.02 |     1.1889912150621642 |       221359436.21178657 | 1.4130036094360123e-18 |  4.738992335806599e-19 |
|     4.64 |     0.5 |     0.4 |           8.75 |        0.02 |     2.1143585964622074 |       393638927.63324434 | 2.5127152249707396e-18 |  8.427252495097134e-19 |
|     4.64 |     0.5 |     0.4 |            9.0 |        0.02 |      3.759920357527539 |              700000000.0 |  4.468309747856788e-18 | 1.4986009595230385e-18 |
|     4.64 |     0.5 |     0.4 |           9.25 |        0.02 |      6.686188955177406 |       1244795587.0272458 |  7.945903222289935e-18 | 2.6649312301843912e-18 |
|     4.64 |     0.5 |     0.4 |            9.5 |        0.02 |      11.88991215062164 |       2213594362.1178656 | 1.4130036094360123e-17 |  4.738992335806599e-18 |
|     4.64 |     0.5 |     0.4 |           9.75 |        0.02 |     21.143585964622073 |        3936389276.332443 | 2.5127152249707413e-17 |  8.427252495097138e-18 |
|     4.64 |     0.5 |     0.4 |           10.0 |        0.02 |      37.59920357527538 |             7000000000.0 |  4.468309747856786e-17 | 1.4986009595230368e-17 |
|     4.64 |     0.5 |     0.4 |          10.25 |        0.02 |      66.86188955177407 |       12447955870.272459 |  7.945903222289935e-17 | 2.6649312301843918e-17 |
|     4.64 |     0.5 |     0.4 |           10.5 |        0.02 |     118.89912150621642 |       22135943621.178654 | 1.4130036094360118e-16 |  4.738992335806599e-17 |
|     4.64 |     0.5 |     0.4 |          10.75 |        0.02 |      211.4358596462207 |        39363892763.32443 |  2.512715224970739e-16 |  8.427252495097135e-17 |
|     4.64 |     0.5 |     0.4 |           11.0 |        0.02 |      375.9920357527539 |            70000000000.0 |  4.468309747856786e-16 | 1.4986009595230373e-16 |
|     4.64 |     0.5 |     0.4 |          11.25 |        0.02 |      668.6188955177407 |       124479558702.72458 |  7.945903222289933e-16 | 2.6649312301843904e-16 |
|     4.64 |     0.5 |     0.5 |            8.0 |        0.02 |    0.27844223823546677 |               70000000.0 |  3.314033446807881e-19 | 1.1113473686499609e-19 |
|     4.64 |     0.5 |     0.5 |           8.25 |        0.02 |      0.495148099139283 |       124479558.70272458 |  5.893277442638776e-19 | 1.9762861430711617e-19 |
|     4.64 |     0.5 |     0.5 |            8.5 |        0.02 |     0.8805116696192984 |       221359436.21178657 | 1.0479893933891378e-18 |  3.514388956568684e-19 |
|     4.64 |     0.5 |     0.5 |           8.75 |        0.02 |     1.5657957723829927 |       393638927.63324434 | 1.8636179602030855e-18 |  6.249565520334268e-19 |
|     4.64 |     0.5 |     0.5 |            9.0 |        0.02 |     2.7844223823546677 |              700000000.0 |  3.314033446807884e-18 | 1.1113473686499615e-18 |
|     4.64 |     0.5 |     0.5 |           9.25 |        0.02 |       4.95148099139283 |       1244795587.0272458 | 5.8932774426387784e-18 | 1.9762861430711614e-18 |
|     4.64 |     0.5 |     0.5 |            9.5 |        0.02 |      8.805116696192984 |       2213594362.1178656 | 1.0479893933891377e-17 |  3.514388956568683e-18 |
|     4.64 |     0.5 |     0.5 |           9.75 |        0.02 |     15.657957723829927 |        3936389276.332443 | 1.8636179602030853e-17 |  6.249565520334268e-18 |
|     4.64 |     0.5 |     0.5 |           10.0 |        0.02 |     27.844223823546677 |             7000000000.0 | 3.3140334468078816e-17 | 1.1113473686499611e-17 |
|     4.64 |     0.5 |     0.5 |          10.25 |        0.02 |       49.5148099139283 |       12447955870.272459 |   5.89327744263878e-17 | 1.9762861430711624e-17 |
|     4.64 |     0.5 |     0.5 |           10.5 |        0.02 |      88.05116696192982 |       22135943621.178654 | 1.0479893933891376e-16 | 3.5143889565686834e-17 |
|     4.64 |     0.5 |     0.5 |          10.75 |        0.02 |     156.57957723829927 |        39363892763.32443 | 1.8636179602030841e-16 |  6.249565520334263e-17 |
|     4.64 |     0.5 |     0.5 |           11.0 |        0.02 |     278.44223823546673 |            70000000000.0 |  3.314033446807882e-16 |  1.111347368649961e-16 |
|     4.64 |     0.5 |     0.5 |          11.25 |        0.02 |     495.14809913928303 |       124479558702.72458 |   5.89327744263878e-16 | 1.9762861430711625e-16 |
|     4.64 |     0.5 |     0.8 |            8.0 |        0.02 |     0.1359947260744871 |               70000000.0 | 1.6223085179819091e-19 |  5.439412112438749e-20 |
|     4.64 |     0.5 |     0.8 |           8.25 |        0.02 |    0.24183662125214384 |       124479558.70272458 | 2.8849178342579895e-19 |  9.672794562266152e-20 |
|     4.64 |     0.5 |     0.8 |            8.5 |        0.02 |     0.4300530841660688 |       221359436.21178657 |  5.130189984315062e-19 | 1.7200931407614354e-19 |
|     4.64 |     0.5 |     0.8 |           8.75 |        0.02 |     0.7647545447962559 |       393638927.63324434 |  9.122911218695388e-19 | 3.0588062155652447e-19 |
|     4.64 |     0.5 |     0.8 |            9.0 |        0.02 |     1.3599472607448708 |              700000000.0 | 1.6223085179819098e-18 | 5.4394121124387515e-19 |
|     4.64 |     0.5 |     0.8 |           9.25 |        0.02 |      2.418366212521438 |       1244795587.0272458 | 2.8849178342579892e-18 |  9.672794562266155e-19 |
|     4.64 |     0.5 |     0.8 |            9.5 |        0.02 |      4.300530841660687 |       2213594362.1178656 |  5.130189984315069e-18 | 1.7200931407614367e-18 |
|     4.64 |     0.5 |     0.8 |           9.75 |        0.02 |      7.647545447962559 |        3936389276.332443 |  9.122911218695382e-18 | 3.0588062155652438e-18 |
|     4.64 |     0.5 |     0.8 |           10.0 |        0.02 |     13.599472607448707 |             7000000000.0 | 1.6223085179819094e-17 |  5.439412112438751e-18 |
|     4.64 |     0.5 |     0.8 |          10.25 |        0.02 |     24.183662125214386 |       12447955870.272459 |  2.884917834257992e-17 |  9.672794562266158e-18 |
|     4.64 |     0.5 |     0.8 |           10.5 |        0.02 |      43.00530841660687 |       22135943621.178654 | 5.1301899843150644e-17 | 1.7200931407614353e-17 |
|     4.64 |     0.5 |     0.8 |          10.75 |        0.02 |       76.4754544796256 |        39363892763.32443 |  9.122911218695388e-17 |  3.058806215565245e-17 |
|     4.64 |     0.5 |     0.8 |           11.0 |        0.02 |     135.99472607448712 |            70000000000.0 |   1.62230851798191e-16 |  5.439412112438753e-17 |
|     4.64 |     0.5 |     0.8 |          11.25 |        0.02 |      241.8366212521438 |       124479558702.72458 | 2.8849178342579893e-16 |  9.672794562266152e-17 |
|     4.64 |     0.5 |     1.0 |            8.0 |        0.02 |    0.09113576837112104 |               70000000.0 | 1.0880223980927328e-19 | 3.6478050154586905e-20 |
|     4.64 |     0.5 |     1.0 |           8.25 |        0.02 |    0.16206486041244106 |       124479558.70272458 | 1.9348078281894791e-19 |  6.486816550826903e-20 |
|     4.64 |     0.5 |     1.0 |            8.5 |        0.02 |    0.28819660436227607 |       221359436.21178657 |  3.440628923251476e-19 | 1.1535372309035184e-19 |
|     4.64 |     0.5 |     1.0 |           8.75 |        0.02 |     0.5124940875805691 |       393638927.63324434 |  6.118399571802489e-19 | 2.0513115064290409e-19 |
|     4.64 |     0.5 |     1.0 |            9.0 |        0.02 |     0.9113576837112106 |              700000000.0 | 1.0880223980927333e-18 |  3.647805015458691e-19 |
|     4.64 |     0.5 |     1.0 |           9.25 |        0.02 |     1.6206486041244106 |       1244795587.0272458 |   1.93480782818948e-18 |  6.486816550826907e-19 |
|     4.64 |     0.5 |     1.0 |            9.5 |        0.02 |     2.8819660436227603 |       2213594362.1178656 |   3.44062892325148e-18 | 1.1535372309035194e-18 |
|     4.64 |     0.5 |     1.0 |           9.75 |        0.02 |      5.124940875805692 |        3936389276.332443 |  6.118399571802492e-18 | 2.0513115064290425e-18 |
|     4.64 |     0.5 |     1.0 |           10.0 |        0.02 |      9.113576837112104 |             7000000000.0 | 1.0880223980927332e-17 | 3.6478050154586915e-18 |
|     4.64 |     0.5 |     1.0 |          10.25 |        0.02 |     16.206486041244105 |       12447955870.272459 |  1.934807828189479e-17 |  6.486816550826903e-18 |
|     4.64 |     0.5 |     1.0 |           10.5 |        0.02 |     28.819660436227604 |       22135943621.178654 |  3.440628923251478e-17 | 1.1535372309035191e-17 |
|     4.64 |     0.5 |     1.0 |          10.75 |        0.02 |     51.249408758056916 |        39363892763.32443 |   6.11839957180249e-17 |  2.051311506429042e-17 |
|     4.64 |     0.5 |     1.0 |           11.0 |        0.02 |      91.13576837112105 |            70000000000.0 | 1.0880223980927326e-16 | 3.6478050154586887e-17 |
|     4.64 |     0.5 |     1.0 |          11.25 |        0.02 |     162.06486041244108 |       124479558702.72458 |   1.93480782818948e-16 |  6.486816550826906e-17 |
|     4.64 |     1.0 |    0.01 |            8.0 |        0.02 |     19.933388925938797 |               70000000.0 | 1.6794964222737736e-17 | 5.8104619528184065e-18 |
|     4.64 |     1.0 |    0.01 |           8.25 |        0.02 |      35.44713509929483 |       124479558.70272458 | 2.9866139069634856e-17 | 1.0332624853511518e-17 |
|     4.64 |     1.0 |    0.01 |            8.5 |        0.02 |      63.03491049194401 |       221359436.21178657 |  5.311034016489071e-17 | 1.8374294028655976e-17 |
|     4.64 |     1.0 |    0.01 |           8.75 |        0.02 |     112.09368344147052 |       393638927.63324434 |  9.444502437538836e-17 |  3.267462874516006e-17 |
|     4.64 |     1.0 |    0.01 |            9.0 |        0.02 |     199.33388925938795 |              700000000.0 | 1.6794964222737728e-16 |  5.810461952818405e-17 |
|     4.64 |     1.0 |    0.01 |           9.25 |        0.02 |      354.4713509929483 |       1244795587.0272458 | 2.9866139069634887e-16 | 1.0332624853511523e-16 |
|     4.64 |     1.0 |    0.01 |            9.5 |        0.02 |        630.34910491944 |       2213594362.1178656 |  5.311034016489071e-16 |  1.837429402865598e-16 |
|     4.64 |     1.0 |    0.01 |           9.75 |        0.02 |     1120.9368344147051 |        3936389276.332443 |  9.444502437538835e-16 | 3.2674628745160054e-16 |
|     4.64 |     1.0 |    0.01 |           10.0 |        0.02 |      1993.338892593879 |             7000000000.0 | 1.6794964222737733e-15 |  5.810461952818405e-16 |
|     4.64 |     1.0 |    0.01 |          10.25 |        0.02 |     3544.7135099294837 |       12447955870.272459 |  2.986613906963486e-15 | 1.0332624853511517e-15 |
|     4.64 |     1.0 |    0.01 |           10.5 |        0.02 |      6303.491049194401 |       22135943621.178654 |  5.311034016489075e-15 |  1.837429402865599e-15 |
|     4.64 |     1.0 |    0.01 |          10.75 |        0.02 |      11209.36834414705 |        39363892763.32443 |  9.444502437538838e-15 |  3.267462874516006e-15 |
|     4.64 |     1.0 |    0.01 |           11.0 |        0.02 |     19933.388925938794 |            70000000000.0 | 1.6794964222737732e-14 |  5.810461952818405e-15 |
|     4.64 |     1.0 |    0.01 |          11.25 |        0.02 |      35447.13509929483 |       124479558702.72458 | 2.9866139069634864e-14 | 1.0332624853511522e-14 |
|     4.64 |     1.0 |     0.1 |            8.0 |        0.02 |      1.933892560993188 |               70000000.0 |  2.239333681881903e-18 |  7.525242098684637e-19 |
|     4.64 |     1.0 |     0.1 |           8.25 |        0.02 |     3.4390013224416283 |       124479558.70272458 |  3.982160978697237e-18 | 1.3381983079648973e-18 |
|     4.64 |     1.0 |     0.1 |            8.5 |        0.02 |      6.115505242794574 |       221359436.21178657 |  7.081394875877746e-18 |  2.379690497602903e-18 |
|     4.64 |     1.0 |     0.1 |           8.75 |        0.02 |     10.875077055246676 |       393638927.63324434 | 1.2592698702128538e-17 | 4.2317546141525255e-18 |
|     4.64 |     1.0 |     0.1 |            9.0 |        0.02 |     19.338925609931884 |              700000000.0 | 2.2393336818819035e-17 |  7.525242098684638e-18 |
|     4.64 |     1.0 |     0.1 |           9.25 |        0.02 |     34.390013224416286 |       1244795587.0272458 |  3.982160978697238e-17 | 1.3381983079648978e-17 |
|     4.64 |     1.0 |     0.1 |            9.5 |        0.02 |      61.15505242794573 |       2213594362.1178656 |  7.081394875877747e-17 |  2.379690497602904e-17 |
|     4.64 |     1.0 |     0.1 |           9.75 |        0.02 |     108.75077055246675 |        3936389276.332443 | 1.2592698702128524e-16 | 4.2317546141525205e-17 |
|     4.64 |     1.0 |     0.1 |           10.0 |        0.02 |     193.38925609931883 |             7000000000.0 |  2.239333681881904e-16 |  7.525242098684638e-17 |
|     4.64 |     1.0 |     0.1 |          10.25 |        0.02 |      343.9001322441629 |       12447955870.272459 | 3.9821609786972407e-16 | 1.3381983079648986e-16 |
|     4.64 |     1.0 |     0.1 |           10.5 |        0.02 |      611.5505242794574 |       22135943621.178654 |  7.081394875877745e-16 | 2.3796904976029034e-16 |
|     4.64 |     1.0 |     0.1 |          10.75 |        0.02 |     1087.5077055246675 |        39363892763.32443 | 1.2592698702128523e-15 | 4.2317546141525195e-16 |
|     4.64 |     1.0 |     0.1 |           11.0 |        0.02 |     1933.8925609931885 |            70000000000.0 |  2.239333681881904e-15 |  7.525242098684639e-16 |
|     4.64 |     1.0 |     0.1 |          11.25 |        0.02 |      3439.001322441628 |       124479558702.72458 |   3.98216097869724e-15 |  1.338198307964898e-15 |
|     4.64 |     1.0 |     0.2 |            8.0 |        0.02 |     0.9344590005796312 |               70000000.0 |  1.098785752935348e-18 | 3.6881032964188756e-19 |
|     4.64 |     1.0 |     0.2 |           8.25 |        0.02 |     1.6617292002563075 |       124479558.70272458 |  1.953948080489044e-18 |  6.558478154118364e-19 |
|     4.64 |     1.0 |     0.2 |            8.5 |        0.02 |     2.9550188218762385 |       221359436.21178657 |  3.474665639818744e-18 | 1.1662806662658774e-18 |
|     4.64 |     1.0 |     0.2 |           8.75 |        0.02 |       5.25484912721999 |       393638927.63324434 | 6.1789263640593886e-18 |  2.073972895147085e-18 |
|     4.64 |     1.0 |     0.2 |            9.0 |        0.02 |      9.344590005796311 |              700000000.0 | 1.0987857529353476e-17 |  3.688103296418875e-18 |
|     4.64 |     1.0 |     0.2 |           9.25 |        0.02 |      16.61729200256308 |       1244795587.0272458 | 1.9539480804890442e-17 |  6.558478154118364e-18 |
|     4.64 |     1.0 |     0.2 |            9.5 |        0.02 |     29.550188218762383 |       2213594362.1178656 |  3.474665639818746e-17 | 1.1662806662658781e-17 |
|     4.64 |     1.0 |     0.2 |           9.75 |        0.02 |       52.5484912721999 |        3936389276.332443 |  6.178926364059396e-17 |  2.073972895147087e-17 |
|     4.64 |     1.0 |     0.2 |           10.0 |        0.02 |      93.44590005796312 |             7000000000.0 |  1.098785752935348e-16 |  3.688103296418876e-17 |
|     4.64 |     1.0 |     0.2 |          10.25 |        0.02 |      166.1729200256308 |       12447955870.272459 | 1.9539480804890443e-16 |  6.558478154118366e-17 |
|     4.64 |     1.0 |     0.2 |           10.5 |        0.02 |      295.5018821876238 |       22135943621.178654 |  3.474665639818743e-16 |  1.166280666265877e-16 |
|     4.64 |     1.0 |     0.2 |          10.75 |        0.02 |      525.4849127219989 |        39363892763.32443 |  6.178926364059391e-16 | 2.0739728951470857e-16 |
|     4.64 |     1.0 |     0.2 |           11.0 |        0.02 |      934.4590005796313 |            70000000000.0 |  1.098785752935348e-15 |  3.688103296418876e-16 |
|     4.64 |     1.0 |     0.2 |          11.25 |        0.02 |     1661.7292002563079 |       124479558702.72458 | 1.9539480804890445e-15 |  6.558478154118368e-16 |
|     4.64 |     1.0 |     0.3 |            8.0 |        0.02 |     0.6016991071089899 |               70000000.0 |  7.111144110452094e-19 | 2.3859554661335515e-19 |
|     4.64 |     1.0 |     0.3 |           8.25 |        0.02 |     1.0699891332107208 |       124479558.70272458 | 1.2645601153436504e-18 | 4.2428954786951122e-19 |
|     4.64 |     1.0 |     0.3 |            8.5 |        0.02 |     1.9027396445540192 |       221359436.21178657 |   2.24874121587206e-18 |  7.545053668710763e-19 |
|     4.64 |     1.0 |     0.3 |           8.75 |        0.02 |      3.383602732575191 |       393638927.63324434 |  3.998890202691176e-18 | 1.3417213586706984e-18 |
|     4.64 |     1.0 |     0.3 |            9.0 |        0.02 |     6.0169910710898975 |              700000000.0 |  7.111144110452095e-18 | 2.3859554661335523e-18 |
|     4.64 |     1.0 |     0.3 |           9.25 |        0.02 |     10.699891332107208 |       1244795587.0272458 | 1.2645601153436501e-17 |  4.242895478695112e-18 |
|     4.64 |     1.0 |     0.3 |            9.5 |        0.02 |      19.02739644554019 |       2213594362.1178656 | 2.2487412158720583e-17 |   7.54505366871076e-18 |
|     4.64 |     1.0 |     0.3 |           9.75 |        0.02 |     33.836027325751914 |        3936389276.332443 |  3.998890202691177e-17 | 1.3417213586706984e-17 |
|     4.64 |     1.0 |     0.3 |           10.0 |        0.02 |      60.16991071089896 |             7000000000.0 |  7.111144110452093e-17 |  2.385955466133552e-17 |
|     4.64 |     1.0 |     0.3 |          10.25 |        0.02 |      106.9989133210721 |       12447955870.272459 | 1.2645601153436512e-16 | 4.2428954786951155e-17 |
|     4.64 |     1.0 |     0.3 |           10.5 |        0.02 |      190.2739644554019 |       22135943621.178654 |  2.248741215872059e-16 |  7.545053668710759e-17 |
|     4.64 |     1.0 |     0.3 |          10.75 |        0.02 |     338.36027325751905 |        39363892763.32443 | 3.9988902026911763e-16 | 1.3417213586706989e-16 |
|     4.64 |     1.0 |     0.3 |           11.0 |        0.02 |      601.6991071089898 |            70000000000.0 |  7.111144110452095e-16 | 2.3859554661335523e-16 |
|     4.64 |     1.0 |     0.3 |          11.25 |        0.02 |     1069.9891332107209 |       124479558702.72458 | 1.2645601153436512e-15 |  4.242895478695117e-16 |
|     4.64 |     1.0 |     0.4 |            8.0 |        0.02 |     0.4356126513616963 |               70000000.0 |  5.161307671220223e-19 |  1.731408764245345e-19 |
|     4.64 |     1.0 |     0.4 |           8.25 |        0.02 |     0.7746410086689683 |       124479558.70272458 |  9.178247160606864e-19 | 3.0789285558184314e-19 |
|     4.64 |     1.0 |     0.4 |            8.5 |        0.02 |      1.377528155887809 |       221359436.21178657 | 1.6321487945955402e-18 |  5.475195255792796e-19 |
|     4.64 |     1.0 |     0.4 |           8.75 |        0.02 |     2.4496299563641784 |       393638927.63324434 | 2.9024165955490986e-18 |  9.736426989319128e-19 |
|     4.64 |     1.0 |     0.4 |            9.0 |        0.02 |      4.356126513616962 |              700000000.0 |  5.161307671220223e-18 | 1.7314087642453448e-18 |
|     4.64 |     1.0 |     0.4 |           9.25 |        0.02 |      7.746410086689683 |       1244795587.0272458 |   9.17824716060687e-18 | 3.0789285558184343e-18 |
|     4.64 |     1.0 |     0.4 |            9.5 |        0.02 |     13.775281558878088 |       2213594362.1178656 | 1.6321487945955395e-17 |  5.475195255792794e-18 |
|     4.64 |     1.0 |     0.4 |           9.75 |        0.02 |      24.49629956364178 |        3936389276.332443 | 2.9024165955490944e-17 |  9.736426989319117e-18 |
|     4.64 |     1.0 |     0.4 |           10.0 |        0.02 |      43.56126513616963 |             7000000000.0 | 5.1613076712202217e-17 | 1.7314087642453438e-17 |
|     4.64 |     1.0 |     0.4 |          10.25 |        0.02 |      77.46410086689681 |       12447955870.272459 |  9.178247160606866e-17 | 3.0789285558184316e-17 |
|     4.64 |     1.0 |     0.4 |           10.5 |        0.02 |      137.7528155887809 |       22135943621.178654 | 1.6321487945955403e-16 |  5.475195255792796e-17 |
|     4.64 |     1.0 |     0.4 |          10.75 |        0.02 |     244.96299563641782 |        39363892763.32443 | 2.9024165955490965e-16 |   9.73642698931912e-17 |
|     4.64 |     1.0 |     0.4 |           11.0 |        0.02 |      435.6126513616963 |            70000000000.0 |  5.161307671220227e-16 | 1.7314087642453462e-16 |
|     4.64 |     1.0 |     0.4 |          11.25 |        0.02 |      774.6410086689683 |       124479558702.72458 |  9.178247160606871e-16 |  3.078928555818435e-16 |
|     4.64 |     1.0 |     0.5 |            8.0 |        0.02 |     0.3361993867092269 |               70000000.0 | 3.9894485286858107e-19 |  1.338144855386918e-19 |
|     4.64 |     1.0 |     0.5 |           8.25 |        0.02 |     0.5978564470527317 |       124479558.70272458 |  7.094354175972056e-19 |  2.379595443984069e-19 |
|     4.64 |     1.0 |     0.5 |            8.5 |        0.02 |     1.0631558099528982 |       221359436.21178657 | 1.2615743958654762e-18 | 4.2315855822592995e-19 |
|     4.64 |     1.0 |     0.5 |           8.75 |        0.02 |      1.890588086502493 |       393638927.63324434 |  2.243431772399868e-18 |  7.524941512749275e-19 |
|     4.64 |     1.0 |     0.5 |            9.0 |        0.02 |     3.3619938670922696 |              700000000.0 | 3.9894485286858136e-18 | 1.3381448553869183e-18 |
|     4.64 |     1.0 |     0.5 |           9.25 |        0.02 |      5.978564470527317 |       1244795587.0272458 |  7.094354175972056e-18 |  2.379595443984069e-18 |
|     4.64 |     1.0 |     0.5 |            9.5 |        0.02 |     10.631558099528982 |       2213594362.1178656 | 1.2615743958654757e-17 |  4.231585582259298e-18 |
|     4.64 |     1.0 |     0.5 |           9.75 |        0.02 |      18.90588086502493 |        3936389276.332443 | 2.2434317723998688e-17 |  7.524941512749278e-18 |
|     4.64 |     1.0 |     0.5 |           10.0 |        0.02 |     33.619938670922686 |             7000000000.0 |  3.989448528685808e-17 |  1.338144855386917e-17 |
|     4.64 |     1.0 |     0.5 |          10.25 |        0.02 |      59.78564470527317 |       12447955870.272459 |  7.094354175972052e-17 | 2.3795954439840673e-17 |
|     4.64 |     1.0 |     0.5 |           10.5 |        0.02 |      106.3155809952898 |       22135943621.178654 | 1.2615743958654753e-16 |  4.231585582259298e-17 |
|     4.64 |     1.0 |     0.5 |          10.75 |        0.02 |     189.05880865024926 |        39363892763.32443 | 2.2434317723998674e-16 |  7.524941512749273e-17 |
|     4.64 |     1.0 |     0.5 |           11.0 |        0.02 |     336.19938670922687 |            70000000000.0 |   3.98944852868581e-16 | 1.3381448553869174e-16 |
|     4.64 |     1.0 |     0.5 |          11.25 |        0.02 |      597.8564470527317 |       124479558702.72458 |  7.094354175972053e-16 | 2.3795954439840674e-16 |
|     4.64 |     1.0 |     0.8 |            8.0 |        0.02 |    0.18799601787637693 |               70000000.0 | 2.2358990880151597e-19 |    7.4983952969322e-20 |
|     4.64 |     1.0 |     0.8 |           8.25 |        0.02 |    0.33430944775887034 |       124479558.70272458 | 3.9760533111421654e-19 | 1.3334241964867223e-19 |
|     4.64 |     1.0 |     0.8 |            8.5 |        0.02 |     0.5944956075310821 |       221359436.21178657 | 7.0705337364211935e-19 |  2.371200793460034e-19 |
|     4.64 |     1.0 |     0.8 |           8.75 |        0.02 |     1.0571792982311037 |       393638927.63324434 | 1.2573384561463382e-18 | 4.2166575480779353e-19 |
|     4.64 |     1.0 |     0.8 |            9.0 |        0.02 |     1.8799601787637694 |              700000000.0 | 2.2358990880151594e-18 |  7.498395296932197e-19 |
|     4.64 |     1.0 |     0.8 |           9.25 |        0.02 |      3.343094477588703 |       1244795587.0272458 |  3.976053311142165e-18 | 1.3334241964867225e-18 |
|     4.64 |     1.0 |     0.8 |            9.5 |        0.02 |       5.94495607531082 |       2213594362.1178656 |   7.07053373642119e-18 | 2.3712007934600334e-18 |
|     4.64 |     1.0 |     0.8 |           9.75 |        0.02 |     10.571792982311036 |        3936389276.332443 | 1.2573384561463383e-17 | 4.2166575480779345e-18 |
|     4.64 |     1.0 |     0.8 |           10.0 |        0.02 |      18.79960178763769 |             7000000000.0 |   2.23589908801516e-17 |  7.498395296932196e-18 |
|     4.64 |     1.0 |     0.8 |          10.25 |        0.02 |     33.430944775887035 |       12447955870.272459 | 3.9760533111421615e-17 | 1.3334241964867214e-17 |
|     4.64 |     1.0 |     0.8 |           10.5 |        0.02 |      59.44956075310821 |       22135943621.178654 |  7.070533736421195e-17 | 2.3712007934600335e-17 |
|     4.64 |     1.0 |     0.8 |          10.75 |        0.02 |     105.71792982311035 |        39363892763.32443 |  1.257338456146338e-16 |  4.216657548077933e-17 |
|     4.64 |     1.0 |     0.8 |           11.0 |        0.02 |     187.99601787637695 |            70000000000.0 |   2.23589908801516e-16 |  7.498395296932198e-17 |
|     4.64 |     1.0 |     0.8 |          11.25 |        0.02 |     334.30944775887036 |       124479558702.72458 | 3.9760533111421655e-16 | 1.3334241964867226e-16 |
|     4.64 |     1.0 |     1.0 |            8.0 |        0.02 |    0.13922111911773338 |               70000000.0 | 1.6570742430447588e-19 |  5.556911263162974e-20 |
|     4.64 |     1.0 |     1.0 |           8.25 |        0.02 |     0.2475740495696415 |       124479558.70272458 |  2.946741007312329e-19 |  9.881740882696104e-20 |
|     4.64 |     1.0 |     1.0 |            8.5 |        0.02 |     0.4402558348096492 |       221359436.21178657 |  5.240128860020864e-19 | 1.7572496347038315e-19 |
|     4.64 |     1.0 |     1.0 |           8.75 |        0.02 |     0.7828978861914964 |       393638927.63324434 |  9.318413257725838e-19 |  3.124880843692243e-19 |
|     4.64 |     1.0 |     1.0 |            9.0 |        0.02 |     1.3922111911773338 |              700000000.0 | 1.6570742430447581e-18 |  5.556911263162973e-19 |
|     4.64 |     1.0 |     1.0 |           9.25 |        0.02 |      2.475740495696415 |       1244795587.0272458 |  2.946741007312326e-18 |  9.881740882696095e-19 |
|     4.64 |     1.0 |     1.0 |            9.5 |        0.02 |      4.402558348096492 |       2213594362.1178656 |  5.240128860020865e-18 |  1.757249634703832e-18 |
|     4.64 |     1.0 |     1.0 |           9.75 |        0.02 |      7.828978861914964 |        3936389276.332443 |   9.31841325772584e-18 |  3.124880843692243e-18 |
|     4.64 |     1.0 |     1.0 |           10.0 |        0.02 |     13.922111911773339 |             7000000000.0 | 1.6570742430447578e-17 |   5.55691126316297e-18 |
|     4.64 |     1.0 |     1.0 |          10.25 |        0.02 |      24.75740495696415 |       12447955870.272459 | 2.9467410073123263e-17 |  9.881740882696096e-18 |
|     4.64 |     1.0 |     1.0 |           10.5 |        0.02 |      44.02558348096491 |       22135943621.178654 |  5.240128860020868e-17 |  1.757249634703832e-17 |
|     4.64 |     1.0 |     1.0 |          10.75 |        0.02 |      78.28978861914963 |        39363892763.32443 |  9.318413257725835e-17 | 3.1248808436922413e-17 |
|     4.64 |     1.0 |     1.0 |           11.0 |        0.02 |     139.22111911773337 |            70000000000.0 | 1.6570742430447574e-16 |  5.556911263162972e-17 |
|     4.64 |     1.0 |     1.0 |          11.25 |        0.02 |     247.57404956964152 |       124479558702.72458 |  2.946741007312328e-16 |  9.881740882696099e-17 |
|     4.64 |     3.0 |    0.01 |            8.0 |        0.02 |     19.977783952545465 |               70000000.0 | 1.6806060504307252e-17 |   5.81464232306369e-18 |
|     4.64 |     3.0 |    0.01 |           8.25 |        0.02 |      35.52608186101761 |       124479558.70272458 | 2.9885871358677966e-17 | 1.0340058719845055e-17 |
|     4.64 |     3.0 |    0.01 |            8.5 |        0.02 |      63.17529989280488 |       221359436.21178657 | 5.3145429688208916e-17 |  1.838751352009387e-17 |
|     4.64 |     3.0 |    0.01 |           8.75 |        0.02 |     112.34333502240908 |       393638927.63324434 |  9.450742335221333e-17 |  3.269813669459527e-17 |
|     4.64 |     3.0 |    0.01 |            9.0 |        0.02 |     199.77783952545468 |              700000000.0 |  1.680606050430724e-16 |  5.814642323063684e-17 |
|     4.64 |     3.0 |    0.01 |           9.25 |        0.02 |     355.26081861017605 |       1244795587.0272458 |  2.988587135867794e-16 | 1.0340058719845046e-16 |
|     4.64 |     3.0 |    0.01 |            9.5 |        0.02 |      631.7529989280487 |       2213594362.1178656 |  5.314542968820901e-16 | 1.8387513520093895e-16 |
|     4.64 |     3.0 |    0.01 |           9.75 |        0.02 |     1123.4333502240909 |        3936389276.332443 |  9.450742335221328e-16 | 3.2698136694595256e-16 |
|     4.64 |     3.0 |    0.01 |           10.0 |        0.02 |     1997.7783952545465 |             7000000000.0 |  1.680606050430726e-15 |  5.814642323063694e-16 |
|     4.64 |     3.0 |    0.01 |          10.25 |        0.02 |      3552.608186101761 |       12447955870.272459 | 2.9885871358677963e-15 | 1.0340058719845058e-15 |
|     4.64 |     3.0 |    0.01 |           10.5 |        0.02 |      6317.529989280486 |       22135943621.178654 |  5.314542968820893e-15 | 1.8387513520093864e-15 |
|     4.64 |     3.0 |    0.01 |          10.75 |        0.02 |     11234.333502240906 |        39363892763.32443 |  9.450742335221326e-15 | 3.2698136694595253e-15 |
|     4.64 |     3.0 |    0.01 |           11.0 |        0.02 |     19977.783952545466 |            70000000000.0 | 1.6806060504307252e-14 |   5.81464232306369e-15 |
|     4.64 |     3.0 |    0.01 |          11.25 |        0.02 |      35526.08186101761 |       124479558702.72458 |  2.988587135867794e-14 | 1.0340058719845048e-14 |
|     4.64 |     3.0 |     0.1 |            8.0 |        0.02 |     1.9778396429633662 |               70000000.0 | 2.2857035281298296e-18 |  7.682173022378306e-19 |
|     4.64 |     3.0 |     0.1 |           8.25 |        0.02 |     3.5171515134404885 |       124479558.70272458 |  4.064619521526599e-18 | 1.3661050110051819e-18 |
|     4.64 |     3.0 |     0.1 |            8.5 |        0.02 |      6.254478118338457 |       221359436.21178657 |  7.228029204773013e-18 | 2.4293164130215123e-18 |
|     4.64 |     3.0 |     0.1 |           8.75 |        0.02 |     11.122209658380264 |       393638927.63324434 | 1.2853455510007857e-17 |  4.320003357745767e-18 |
|     4.64 |     3.0 |     0.1 |            9.0 |        0.02 |     19.778396429633663 |              700000000.0 |  2.285703528129831e-17 |  7.682173022378307e-18 |
|     4.64 |     3.0 |     0.1 |           9.25 |        0.02 |      35.17151513440489 |       1244795587.0272458 | 4.0646195215265984e-17 | 1.3661050110051822e-17 |
|     4.64 |     3.0 |     0.1 |            9.5 |        0.02 |     62.544781183384565 |       2213594362.1178656 |  7.228029204773012e-17 |  2.429316413021512e-17 |
|     4.64 |     3.0 |     0.1 |           9.75 |        0.02 |     111.22209658380264 |        3936389276.332443 |  1.285345551000785e-16 | 4.3200033577457654e-17 |
|     4.64 |     3.0 |     0.1 |           10.0 |        0.02 |     197.78396429633665 |             7000000000.0 |  2.285703528129831e-16 |  7.682173022378309e-17 |
|     4.64 |     3.0 |     0.1 |          10.25 |        0.02 |      351.7151513440489 |       12447955870.272459 | 4.0646195215265995e-16 | 1.3661050110051823e-16 |
|     4.64 |     3.0 |     0.1 |           10.5 |        0.02 |      625.4478118338457 |       22135943621.178654 |  7.228029204773015e-16 |  2.429316413021513e-16 |
|     4.64 |     3.0 |     0.1 |          10.75 |        0.02 |     1112.2209658380264 |        39363892763.32443 | 1.2853455510007845e-15 |  4.320003357745764e-16 |
|     4.64 |     3.0 |     0.1 |           11.0 |        0.02 |     1977.8396429633663 |            70000000000.0 | 2.2857035281298303e-15 |  7.682173022378305e-16 |
|     4.64 |     3.0 |     0.1 |          11.25 |        0.02 |     3517.1515134404885 |       124479558702.72458 |  4.064619521526602e-15 | 1.3661050110051829e-15 |
|     4.64 |     3.0 |     0.2 |            8.0 |        0.02 |     0.9779017801680627 |               70000000.0 | 1.1475796429642124e-18 | 3.8524478837695713e-19 |
|     4.64 |     3.0 |     0.2 |           8.25 |        0.02 |     1.7389826007132747 |       124479558.70272458 |  2.040717250463077e-18 |   6.85072874995545e-19 |
|     4.64 |     3.0 |     0.2 |            8.5 |        0.02 |      3.092396953264354 |       221359436.21178657 | 3.6289654682097325e-18 | 1.2182509879807465e-18 |
|     4.64 |     3.0 |     0.2 |           8.75 |        0.02 |      5.499145829657099 |       393638927.63324434 | 6.4533145718596256e-18 | 2.1663906481857356e-18 |
|     4.64 |     3.0 |     0.2 |            9.0 |        0.02 |      9.779017801680627 |              700000000.0 |  1.147579642964212e-17 |  3.852447883769571e-18 |
|     4.64 |     3.0 |     0.2 |           9.25 |        0.02 |     17.389826007132747 |       1244795587.0272458 | 2.0407172504630776e-17 |  6.850728749955453e-18 |
|     4.64 |     3.0 |     0.2 |            9.5 |        0.02 |     30.923969532643543 |       2213594362.1178656 |   3.62896546820973e-17 | 1.2182509879807454e-17 |
|     4.64 |     3.0 |     0.2 |           9.75 |        0.02 |      54.99145829657098 |        3936389276.332443 |  6.453314571859624e-17 | 2.1663906481857353e-17 |
|     4.64 |     3.0 |     0.2 |           10.0 |        0.02 |      97.79017801680628 |             7000000000.0 |  1.147579642964212e-16 |  3.852447883769572e-17 |
|     4.64 |     3.0 |     0.2 |          10.25 |        0.02 |      173.8982600713275 |       12447955870.272459 | 2.0407172504630768e-16 |   6.85072874995545e-17 |
|     4.64 |     3.0 |     0.2 |           10.5 |        0.02 |      309.2396953264354 |       22135943621.178654 |  3.628965468209732e-16 |  1.218250987980746e-16 |
|     4.64 |     3.0 |     0.2 |          10.75 |        0.02 |      549.9145829657099 |        39363892763.32443 |  6.453314571859624e-16 | 2.1663906481857353e-16 |
|     4.64 |     3.0 |     0.2 |           11.0 |        0.02 |      977.9017801680627 |            70000000000.0 | 1.1475796429642126e-15 | 3.8524478837695724e-16 |
|     4.64 |     3.0 |     0.2 |          11.25 |        0.02 |      1738.982600713275 |       124479558702.72458 |  2.040717250463075e-15 |  6.850728749955443e-16 |
|     4.64 |     3.0 |     0.3 |            8.0 |        0.02 |     0.6446308536643959 |               70000000.0 |  7.603320556760153e-19 |  2.551470053753879e-19 |
|     4.64 |     3.0 |     0.3 |           8.25 |        0.02 |     1.1463337741472093 |       124479558.70272458 |  1.352082839401226e-18 |  4.537226661921426e-19 |
|     4.64 |     3.0 |     0.3 |            8.5 |        0.02 |     2.0385017475981915 |       221359436.21178657 | 2.4043810739741642e-18 |  8.068456751574505e-19 |
|     4.64 |     3.0 |     0.3 |           8.75 |        0.02 |     3.6250256850822247 |       393638927.63324434 | 4.2756613577355284e-18 | 1.4347970512114477e-18 |
|     4.64 |     3.0 |     0.3 |            9.0 |        0.02 |       6.44630853664396 |              700000000.0 |  7.603320556760152e-18 | 2.5514700537538783e-18 |
|     4.64 |     3.0 |     0.3 |           9.25 |        0.02 |     11.463337741472094 |       1244795587.0272458 | 1.3520828394012259e-17 |  4.537226661921426e-18 |
|     4.64 |     3.0 |     0.3 |            9.5 |        0.02 |      20.38501747598191 |       2213594362.1178656 | 2.4043810739741646e-17 |  8.068456751574505e-18 |
|     4.64 |     3.0 |     0.3 |           9.75 |        0.02 |     36.250256850822254 |        3936389276.332443 |  4.275661357735528e-17 | 1.4347970512114476e-17 |
|     4.64 |     3.0 |     0.3 |           10.0 |        0.02 |       64.4630853664396 |             7000000000.0 |  7.603320556760158e-17 | 2.5514700537538796e-17 |
|     4.64 |     3.0 |     0.3 |          10.25 |        0.02 |     114.63337741472095 |       12447955870.272459 |  1.352082839401227e-16 |  4.537226661921428e-17 |
|     4.64 |     3.0 |     0.3 |           10.5 |        0.02 |      203.8501747598191 |       22135943621.178654 | 2.4043810739741644e-16 |  8.068456751574506e-17 |
|     4.64 |     3.0 |     0.3 |          10.75 |        0.02 |      362.5025685082224 |        39363892763.32443 | 4.2756613577355273e-16 |  1.434797051211447e-16 |
|     4.64 |     3.0 |     0.3 |           11.0 |        0.02 |       644.630853664396 |            70000000000.0 |   7.60332055676015e-16 |  2.551470053753878e-16 |
|     4.64 |     3.0 |     0.3 |          11.25 |        0.02 |     1146.3337741472092 |       124479558702.72458 | 1.3520828394012251e-15 |  4.537226661921422e-16 |
|     4.64 |     3.0 |     0.4 |            8.0 |        0.02 |      0.478026860984229 |               70000000.0 |  5.652524032983871e-19 | 1.8964736822097234e-19 |
|     4.64 |     3.0 |     0.4 |           8.25 |        0.02 |     0.8500653243337928 |       124479558.70272458 |  1.005176710260539e-18 | 3.3724601007542504e-19 |
|     4.64 |     3.0 |     0.4 |            8.5 |        0.02 |     1.5116536634508428 |       221359436.21178657 |  1.787485047306978e-18 |   5.99717635834908e-19 |
|     4.64 |     3.0 |     0.4 |           8.75 |        0.02 |     2.6881425848245417 |       393638927.63324434 |  3.178647855378447e-18 | 1.0664655236424369e-18 |
|     4.64 |     3.0 |     0.4 |            9.0 |        0.02 |       4.78026860984229 |              700000000.0 | 5.6525240329838726e-18 | 1.8964736822097234e-18 |
|     4.64 |     3.0 |     0.4 |           9.25 |        0.02 |       8.50065324333793 |       1244795587.0272458 |  1.005176710260539e-17 |  3.372460100754249e-18 |
|     4.64 |     3.0 |     0.4 |            9.5 |        0.02 |     15.116536634508428 |       2213594362.1178656 | 1.7874850473069787e-17 | 5.9971763583490804e-18 |
|     4.64 |     3.0 |     0.4 |           9.75 |        0.02 |     26.881425848245414 |        3936389276.332443 | 3.1786478553784476e-17 |  1.066465523642437e-17 |
|     4.64 |     3.0 |     0.4 |           10.0 |        0.02 |       47.8026860984229 |             7000000000.0 |  5.652524032983874e-17 |  1.896473682209724e-17 |
|     4.64 |     3.0 |     0.4 |          10.25 |        0.02 |       85.0065324333793 |       12447955870.272459 |  1.005176710260539e-16 | 3.3724601007542504e-17 |
|     4.64 |     3.0 |     0.4 |           10.5 |        0.02 |      151.1653663450843 |       22135943621.178654 | 1.7874850473069777e-16 |  5.997176358349077e-17 |
|     4.64 |     3.0 |     0.4 |          10.75 |        0.02 |      268.8142584824541 |        39363892763.32443 |  3.178647855378446e-16 | 1.0664655236424362e-16 |
|     4.64 |     3.0 |     0.4 |           11.0 |        0.02 |       478.026860984229 |            70000000000.0 |  5.652524032983873e-16 | 1.8964736822097244e-16 |
|     4.64 |     3.0 |     0.4 |          11.25 |        0.02 |       850.065324333793 |       124479558702.72458 |  1.005176710260539e-15 | 3.3724601007542505e-16 |
|     4.64 |     3.0 |     0.5 |            8.0 |        0.02 |     0.3780897995870824 |               70000000.0 |  4.477559486260746e-19 | 1.5020911838428846e-19 |
|     4.64 |     3.0 |     0.5 |           8.25 |        0.02 |     0.6723493057514515 |       124479558.70272458 |  7.962351841641941e-19 | 2.6711378242287927e-19 |
|     4.64 |     3.0 |     0.5 |            8.5 |        0.02 |     1.1956249267717705 |       221359436.21178657 | 1.4159286335477368e-18 |  4.750029394202231e-19 |
|     4.64 |     3.0 |     0.5 |           8.75 |        0.02 |     2.1261551894075343 |       393638927.63324434 |  2.517916735122484e-18 |  8.446879468789473e-19 |
|     4.64 |     3.0 |     0.5 |            9.0 |        0.02 |      3.780897995870824 |              700000000.0 | 4.4775594862607475e-18 | 1.5020911838428856e-18 |
|     4.64 |     3.0 |     0.5 |           9.25 |        0.02 |     6.7234930575145135 |       1244795587.0272458 |   7.96235184164194e-18 | 2.6711378242287925e-18 |
|     4.64 |     3.0 |     0.5 |            9.5 |        0.02 |     11.956249267717705 |       2213594362.1178656 | 1.4159286335477357e-17 |  4.750029394202227e-18 |
|     4.64 |     3.0 |     0.5 |           9.75 |        0.02 |     21.261551894075343 |        3936389276.332443 | 2.5179167351224872e-17 |  8.446879468789483e-18 |
|     4.64 |     3.0 |     0.5 |           10.0 |        0.02 |     37.808979958708235 |             7000000000.0 |  4.477559486260744e-17 | 1.5020911838428844e-17 |
|     4.64 |     3.0 |     0.5 |          10.25 |        0.02 |      67.23493057514514 |       12447955870.272459 |  7.962351841641936e-17 | 2.6711378242287906e-17 |
|     4.64 |     3.0 |     0.5 |           10.5 |        0.02 |     119.56249267717705 |       22135943621.178654 | 1.4159286335477351e-16 | 4.7500293942022245e-17 |
|     4.64 |     3.0 |     0.5 |          10.75 |        0.02 |     212.61551894075342 |        39363892763.32443 |  2.517916735122486e-16 |  8.446879468789479e-17 |
|     4.64 |     3.0 |     0.5 |           11.0 |        0.02 |      378.0897995870824 |            70000000000.0 |  4.477559486260746e-16 |  1.502091183842885e-16 |
|     4.64 |     3.0 |     0.5 |          11.25 |        0.02 |      672.3493057514514 |       124479558702.72458 |  7.962351841641943e-16 |  2.671137824228792e-16 |
|     4.64 |     3.0 |     0.8 |            8.0 |        0.02 |     0.2282801766007249 |               70000000.0 | 2.7095731530347933e-19 |  9.088283761653689e-20 |
|     4.64 |     3.0 |     0.8 |           8.25 |        0.02 |    0.40594593776911814 |       124479558.70272458 |  4.818378148036012e-19 |  1.616150788593983e-19 |
|     4.64 |     3.0 |     0.8 |            8.5 |        0.02 |     0.7218853027237648 |       221359436.21178657 |  8.568422650433913e-19 | 2.8739676708748483e-19 |
|     4.64 |     3.0 |     0.8 |           8.75 |        0.02 |     1.2837137702433858 |       393638927.63324434 | 1.5237049575777764e-18 |  5.110717534234262e-19 |
|     4.64 |     3.0 |     0.8 |            9.0 |        0.02 |      2.282801766007249 |              700000000.0 | 2.7095731530347923e-18 |  9.088283761653686e-19 |
|     4.64 |     3.0 |     0.8 |           9.25 |        0.02 |      4.059459377691182 |       1244795587.0272458 | 4.8183781480360155e-18 | 1.6161507885939849e-18 |
|     4.64 |     3.0 |     0.8 |            9.5 |        0.02 |      7.218853027237647 |       2213594362.1178656 |  8.568422650433915e-18 | 2.8739676708748486e-18 |
|     4.64 |     3.0 |     0.8 |           9.75 |        0.02 |     12.837137702433857 |        3936389276.332443 | 1.5237049575777778e-17 | 5.1107175342342645e-18 |
|     4.64 |     3.0 |     0.8 |           10.0 |        0.02 |      22.82801766007249 |             7000000000.0 | 2.7095731530347897e-17 |   9.08828376165368e-18 |
|     4.64 |     3.0 |     0.8 |          10.25 |        0.02 |      40.59459377691182 |       12447955870.272459 | 4.8183781480360134e-17 |  1.616150788593984e-17 |
|     4.64 |     3.0 |     0.8 |           10.5 |        0.02 |      72.18853027237647 |       22135943621.178654 |  8.568422650433914e-17 |  2.873967670874848e-17 |
|     4.64 |     3.0 |     0.8 |          10.75 |        0.02 |     128.37137702433856 |        39363892763.32443 | 1.5237049575777767e-16 |  5.110717534234264e-17 |
|     4.64 |     3.0 |     0.8 |           11.0 |        0.02 |     228.28017660072487 |            70000000000.0 | 2.7095731530347924e-16 |  9.088283761653688e-17 |
|     4.64 |     3.0 |     0.8 |          11.25 |        0.02 |     405.94593776911825 |       124479558702.72458 |  4.818378148036013e-16 | 1.6161507885939842e-16 |
|     4.64 |     3.0 |     1.0 |            8.0 |        0.02 |     0.1784083678551618 |               70000000.0 | 2.1192352669777853e-19 |  7.107806515833883e-20 |
|     4.64 |     3.0 |     1.0 |           8.25 |        0.02 |    0.31725992713548423 |       124479558.70272458 |  3.768592440294937e-19 | 1.2639665977647896e-19 |
|     4.64 |     3.0 |     1.0 |            8.5 |        0.02 |     0.5641767960554804 |       221359436.21178657 |  6.701610341404821e-19 | 2.2476857757820736e-19 |
|     4.64 |     3.0 |     1.0 |           8.75 |        0.02 |     1.0032639800471896 |       393638927.63324434 | 1.1917335684224113e-18 |  3.997013335310625e-19 |
|     4.64 |     3.0 |     1.0 |            9.0 |        0.02 |     1.7840836785516176 |              700000000.0 | 2.1192352669777854e-18 |  7.107806515833886e-19 |
|     4.64 |     3.0 |     1.0 |           9.25 |        0.02 |     3.1725992713548425 |       1244795587.0272458 |  3.768592440294932e-18 |  1.263966597764788e-18 |
|     4.64 |     3.0 |     1.0 |            9.5 |        0.02 |      5.641767960554805 |       2213594362.1178656 |   6.70161034140482e-18 |  2.247685775782073e-18 |
|     4.64 |     3.0 |     1.0 |           9.75 |        0.02 |     10.032639800471895 |        3936389276.332443 |  1.191733568422411e-17 |  3.997013335310623e-18 |
|     4.64 |     3.0 |     1.0 |           10.0 |        0.02 |     17.840836785516178 |             7000000000.0 | 2.1192352669777865e-17 |   7.10780651583389e-18 |
|     4.64 |     3.0 |     1.0 |          10.25 |        0.02 |      31.72599271354842 |       12447955870.272459 |  3.768592440294936e-17 | 1.2639665977647893e-17 |
|     4.64 |     3.0 |     1.0 |           10.5 |        0.02 |      56.41767960554805 |       22135943621.178654 |  6.701610341404818e-17 | 2.2476857757820716e-17 |
|     4.64 |     3.0 |     1.0 |          10.75 |        0.02 |     100.32639800471894 |        39363892763.32443 | 1.1917335684224098e-16 | 3.9970133353106175e-17 |
|     4.64 |     3.0 |     1.0 |           11.0 |        0.02 |     178.40836785516177 |            70000000000.0 | 2.1192352669777846e-16 |  7.107806515833883e-17 |
|     4.64 |     3.0 |     1.0 |          11.25 |        0.02 |      317.2599271354842 |       124479558702.72458 |  3.768592440294936e-16 | 1.2639665977647893e-16 |
