| redshift | tau_gyr | age_gyr | log_massformed | metallicity |   sfr_inst_msun_per_yr | stellar_mass_living_msun |  halpha_flux_erg_s_cm2 |   oiii_flux_erg_s_cm2 |
|     6.52 |     0.1 |    0.01 |            8.0 |        0.02 |     19.338925609931877 |               70000000.0 |  7.517849718447202e-18 | 2.5988182270727014e-18 |
|     6.52 |     0.1 |    0.01 |           8.25 |        0.02 |      34.39001322441627 |       124479558.70272458 |  1.336883736208157e-17 |  4.621424943637243e-18 |
|     6.52 |     0.1 |    0.01 |            8.5 |        0.02 |      61.15505242794573 |       221359436.21178657 | 2.3773528217148736e-17 |  8.218184822310401e-18 |
|     6.52 |     0.1 |    0.01 |           8.75 |        0.02 |     108.75077055246673 |       393638927.63324434 |  4.227597573253492e-17 |  1.461422885740897e-17 |
|     6.52 |     0.1 |    0.01 |            9.0 |        0.02 |      193.3892560993188 |              700000000.0 |  7.517849718447204e-17 | 2.5988182270727027e-17 |
|     6.52 |     0.1 |    0.01 |           9.25 |        0.02 |     343.90013224416276 |       1244795587.0272458 | 1.3368837362081575e-16 |  4.621424943637243e-17 |
|     6.52 |     0.1 |    0.01 |            9.5 |        0.02 |      611.5505242794572 |       2213594362.1178656 | 2.3773528217148726e-16 |  8.218184822310401e-17 |
|     6.52 |     0.1 |    0.01 |           9.75 |        0.02 |     1087.5077055246672 |        3936389276.332443 | 4.2275975732534914e-16 | 1.4614228857408964e-16 |
|     6.52 |     0.1 |    0.01 |           10.0 |        0.02 |     1933.8925609931878 |             7000000000.0 |  7.517849718447203e-16 | 2.5988182270727026e-16 |
|     6.52 |     0.1 |    0.01 |          10.25 |        0.02 |     3439.0013224416275 |       12447955870.272459 | 1.3368837362081565e-15 |   4.62142494363724e-16 |
|     6.52 |     0.1 |    0.01 |           10.5 |        0.02 |      6115.505242794573 |       22135943621.178654 | 2.3773528217148706e-15 |   8.21818482231039e-16 |
|     6.52 |     0.1 |    0.01 |          10.75 |        0.02 |     10875.077055246671 |        39363892763.32443 |  4.227597573253493e-15 | 1.4614228857408963e-15 |
|     6.52 |     0.1 |    0.01 |           11.0 |        0.02 |     19338.925609931877 |            70000000000.0 |    7.5178497184472e-15 |  2.598818227072701e-15 |
|     6.52 |     0.1 |    0.01 |          11.25 |        0.02 |      34390.01322441628 |       124479558702.72458 |  1.336883736208157e-14 |  4.621424943637243e-15 |
|     6.52 |     0.1 |     0.1 |            8.0 |        0.02 |     1.3922111911773336 |               70000000.0 |  7.479871557268241e-19 |  2.508623597653959e-19 |
|     6.52 |     0.1 |     0.1 |           8.25 |        0.02 |      2.475740495696415 |       124479558.70272458 | 1.3301301580025896e-18 |  4.461033691245803e-19 |
|     6.52 |     0.1 |     0.1 |            8.5 |        0.02 |      4.402558348096492 |       221359436.21178657 | 2.3653430726478234e-18 |  7.932964360632342e-19 |
|     6.52 |     0.1 |     0.1 |           8.75 |        0.02 |      7.828978861914962 |       393638927.63324434 |  4.206240883767824e-18 | 1.4107027183085084e-18 |
|     6.52 |     0.1 |     0.1 |            9.0 |        0.02 |     13.922111911773339 |              700000000.0 |  7.479871557268247e-18 | 2.5086235976539596e-18 |
|     6.52 |     0.1 |     0.1 |           9.25 |        0.02 |     24.757404956964145 |       1244795587.0272458 | 1.3301301580025889e-17 | 4.4610336912458005e-18 |
|     6.52 |     0.1 |     0.1 |            9.5 |        0.02 |     44.025583480964904 |       2213594362.1178656 | 2.3653430726478252e-17 |  7.932964360632348e-18 |
|     6.52 |     0.1 |     0.1 |           9.75 |        0.02 |      78.28978861914963 |        3936389276.332443 |  4.206240883767825e-17 | 1.4107027183085086e-17 |
|     6.52 |     0.1 |     0.1 |           10.0 |        0.02 |     139.22111911773337 |             7000000000.0 |  7.479871557268244e-17 | 2.5086235976539587e-17 |
|     6.52 |     0.1 |     0.1 |          10.25 |        0.02 |     247.57404956964152 |       12447955870.272459 | 1.3301301580025888e-16 |  4.461033691245802e-17 |
|     6.52 |     0.1 |     0.1 |           10.5 |        0.02 |     440.25583480964906 |       22135943621.178654 |  2.365343072647824e-16 |  7.932964360632345e-17 |
|     6.52 |     0.1 |     0.1 |          10.75 |        0.02 |      782.8978861914962 |        39363892763.32443 |  4.206240883767822e-16 | 1.4107027183085075e-16 |
|     6.52 |     0.1 |     0.1 |           11.0 |        0.02 |     1392.2111911773338 |            70000000000.0 |  7.479871557268246e-16 | 2.5086235976539594e-16 |
|     6.52 |     0.1 |     0.1 |          11.25 |        0.02 |     2475.7404956964147 |       124479558702.72458 | 1.3301301580025895e-15 |  4.461033691245802e-16 |
|     6.52 |     0.1 |     0.2 |            8.0 |        0.02 |     0.4556788418556052 |               70000000.0 | 2.4866466538470007e-19 |  8.329619181941917e-20 |
|     6.52 |     0.1 |     0.2 |           8.25 |        0.02 |     0.8103243020622052 |       124479558.70272458 |  4.421952544578306e-19 | 1.4812390284712562e-19 |
|     6.52 |     0.1 |     0.2 |            8.5 |        0.02 |     1.4409830218113802 |       221359436.21178657 |  7.863467162192826e-19 | 2.6340568656764946e-19 |
|     6.52 |     0.1 |     0.2 |           8.75 |        0.02 |     2.5624704379028453 |       393638927.63324434 | 1.3983441746044692e-18 |  4.684089089104167e-19 |
|     6.52 |     0.1 |     0.2 |            9.0 |        0.02 |      4.556788418556052 |              700000000.0 |     2.486646653847e-18 |  8.329619181941915e-19 |
|     6.52 |     0.1 |     0.2 |           9.25 |        0.02 |      8.103243020622052 |       1244795587.0272458 |  4.421952544578302e-18 | 1.4812390284712555e-18 |
|     6.52 |     0.1 |     0.2 |            9.5 |        0.02 |     14.409830218113802 |       2213594362.1178656 |  7.863467162192826e-18 |  2.634056865676494e-18 |
|     6.52 |     0.1 |     0.2 |           9.75 |        0.02 |     25.624704379028454 |        3936389276.332443 | 1.3983441746044702e-17 | 4.6840890891041684e-18 |
|     6.52 |     0.1 |     0.2 |           10.0 |        0.02 |     45.567884185560516 |             7000000000.0 |  2.486646653846999e-17 |  8.329619181941909e-18 |
|     6.52 |     0.1 |     0.2 |          10.25 |        0.02 |      81.03243020622054 |       12447955870.272459 | 4.4219525445783017e-17 | 1.4812390284712552e-17 |
|     6.52 |     0.1 |     0.2 |           10.5 |        0.02 |       144.098302181138 |       22135943621.178654 |  7.863467162192818e-17 |  2.634056865676492e-17 |
|     6.52 |     0.1 |     0.2 |          10.75 |        0.02 |     256.24704379028447 |        39363892763.32443 | 1.3983441746044702e-16 | 4.6840890891041695e-17 |
|     6.52 |     0.1 |     0.2 |           11.0 |        0.02 |      455.6788418556052 |            70000000000.0 | 2.4866466538469993e-16 |  8.329619181941912e-17 |
|     6.52 |     0.1 |     0.2 |          11.25 |        0.02 |      810.3243020622052 |       124479558702.72458 | 4.4219525445783043e-16 | 1.4812390284712559e-16 |
|     6.52 |     0.1 |     0.3 |            8.0 |        0.02 |    0.18650294449763954 |               70000000.0 | 1.0230256035943566e-19 | 3.4255025807801665e-20 |
|     6.52 |     0.1 |     0.3 |           8.25 |        0.02 |     0.3316543461117844 |       124479558.70272458 | 1.8192253668144855e-19 |  6.091500708436561e-20 |
|     6.52 |     0.1 |     0.3 |            8.5 |        0.02 |     0.5897740949405087 |       221359436.21178657 |  3.235091012026707e-19 |  1.083239028605025e-19 |
|     6.52 |     0.1 |     0.3 |           8.75 |        0.02 |     1.0487831296070476 |       393638927.63324434 |  5.752895736289074e-19 | 1.9263016607188796e-19 |
|     6.52 |     0.1 |     0.3 |            9.0 |        0.02 |     1.8650294449763956 |              700000000.0 |  1.023025603594357e-18 |  3.425502580780167e-19 |
|     6.52 |     0.1 |     0.3 |           9.25 |        0.02 |     3.3165434611178437 |       1244795587.0272458 | 1.8192253668144842e-18 |  6.091500708436558e-19 |
|     6.52 |     0.1 |     0.3 |            9.5 |        0.02 |      5.897740949405087 |       2213594362.1178656 | 3.2350910120267076e-18 | 1.0832390286050249e-18 |
|     6.52 |     0.1 |     0.3 |           9.75 |        0.02 |     10.487831296070476 |        3936389276.332443 |  5.752895736289078e-18 |  1.926301660718881e-18 |
|     6.52 |     0.1 |     0.3 |           10.0 |        0.02 |     18.650294449763955 |             7000000000.0 | 1.0230256035943567e-17 | 3.4255025807801667e-18 |
|     6.52 |     0.1 |     0.3 |          10.25 |        0.02 |      33.16543461117844 |       12447955870.272459 |  1.819225366814486e-17 |  6.091500708436563e-18 |
|     6.52 |     0.1 |     0.3 |           10.5 |        0.02 |      58.97740949405087 |       22135943621.178654 |  3.235091012026707e-17 | 1.0832390286050253e-17 |
|     6.52 |     0.1 |     0.3 |          10.75 |        0.02 |     104.87831296070473 |        39363892763.32443 |  5.752895736289073e-17 | 1.9263016607188798e-17 |
|     6.52 |     0.1 |     0.3 |           11.0 |        0.02 |     186.50294449763956 |            70000000000.0 | 1.0230256035943563e-16 |  3.425502580780165e-17 |
|     6.52 |     0.1 |     0.3 |          11.25 |        0.02 |     331.65434611178443 |       124479558702.72458 | 1.8192253668144858e-16 |   6.09150070843656e-17 |
|     6.52 |     0.1 |     0.4 |            8.0 |        0.02 |    0.08064816928306753 |               70000000.0 |  4.435171320502683e-20 | 1.4847803108504867e-20 |
|     6.52 |     0.1 |     0.4 |           8.25 |        0.02 |    0.14341497889341254 |       124479558.70272458 |  7.886973839245056e-20 |   2.64035425521661e-20 |
|     6.52 |     0.1 |     0.4 |            8.5 |        0.02 |    0.25503190405732223 |       221359436.21178657 | 1.4025243185845122e-19 |  4.695287607260355e-20 |
|     6.52 |     0.1 |     0.4 |           8.75 |        0.02 |    0.45351798388815806 |       393638927.63324434 |   2.49408011781771e-19 |  8.349533276202013e-20 |
|     6.52 |     0.1 |     0.4 |            9.0 |        0.02 |     0.8064816928306755 |              700000000.0 |  4.435171320502679e-19 |  1.484780310850486e-19 |
|     6.52 |     0.1 |     0.4 |           9.25 |        0.02 |     1.4341497889341253 |       1244795587.0272458 |  7.886973839245054e-19 | 2.6403542552166107e-19 |
|     6.52 |     0.1 |     0.4 |            9.5 |        0.02 |      2.550319040573222 |       2213594362.1178656 | 1.4025243185845121e-18 |  4.695287607260355e-19 |
|     6.52 |     0.1 |     0.4 |           9.75 |        0.02 |      4.535179838881581 |        3936389276.332443 | 2.4940801178177095e-18 |  8.349533276202013e-19 |
|     6.52 |     0.1 |     0.4 |           10.0 |        0.02 |      8.064816928306755 |             7000000000.0 |  4.435171320502678e-18 |  1.484780310850486e-18 |
|     6.52 |     0.1 |     0.4 |          10.25 |        0.02 |     14.341497889341253 |       12447955870.272459 |  7.886973839245056e-18 |  2.640354255216611e-18 |
|     6.52 |     0.1 |     0.4 |           10.5 |        0.02 |     25.503190405732223 |       22135943621.178654 | 1.4025243185845116e-17 |  4.695287607260354e-18 |
|     6.52 |     0.1 |     0.4 |          10.75 |        0.02 |       45.3517983888158 |        39363892763.32443 | 2.4940801178177073e-17 |  8.349533276202005e-18 |
|     6.52 |     0.1 |     0.4 |           11.0 |        0.02 |      80.64816928306755 |            70000000000.0 | 4.4351713205026804e-17 | 1.4847803108504864e-17 |
|     6.52 |     0.1 |     0.4 |          11.25 |        0.02 |     143.41497889341252 |       124479558702.72458 |  7.886973839245052e-17 | 2.6403542552166094e-17 |
|     6.52 |     0.1 |     0.5 |            8.0 |        0.02 |    0.03510911513730711 |               70000000.0 | 1.9336886592337618e-20 | 6.4727220040022666e-21 |
|     6.52 |     0.1 |     0.5 |           8.25 |        0.02 |    0.06243381655335912 |       124479558.70272458 |  3.438638728141168e-20 | 1.1510308266623095e-20 |
|     6.52 |     0.1 |     0.5 |            8.5 |        0.02 |     0.1110247704669858 |       221359436.21178657 |  6.114860448815868e-20 |  2.046854419373667e-20 |
|     6.52 |     0.1 |     0.5 |           8.75 |        0.02 |    0.19743306332573832 |       393638927.63324434 |  1.087393043139063e-19 |  3.639879069319368e-20 |
|     6.52 |     0.1 |     0.5 |            9.0 |        0.02 |     0.3510911513730712 |              700000000.0 | 1.9336886592337612e-19 |  6.472722004002265e-20 |
|     6.52 |     0.1 |     0.5 |           9.25 |        0.02 |     0.6243381655335911 |       1244795587.0272458 |  3.438638728141168e-19 | 1.1510308266623104e-19 |
|     6.52 |     0.1 |     0.5 |            9.5 |        0.02 |      1.110247704669858 |       2213594362.1178656 |  6.114860448815866e-19 | 2.0468544193736656e-19 |
|     6.52 |     0.1 |     0.5 |           9.75 |        0.02 |     1.9743306332573831 |        3936389276.332443 | 1.0873930431390622e-18 |  3.639879069319366e-19 |
|     6.52 |     0.1 |     0.5 |           10.0 |        0.02 |      3.510911513730712 |             7000000000.0 | 1.9336886592337595e-18 |  6.472722004002259e-19 |
|     6.52 |     0.1 |     0.5 |          10.25 |        0.02 |      6.243381655335912 |       12447955870.272459 | 3.4386387281411684e-18 | 1.1510308266623102e-18 |
|     6.52 |     0.1 |     0.5 |           10.5 |        0.02 |      11.10247704669858 |       22135943621.178654 | 6.1148604488158685e-18 | 2.0468544193736663e-18 |
|     6.52 |     0.1 |     0.5 |          10.75 |        0.02 |      19.74330633257383 |        39363892763.32443 | 1.0873930431390618e-17 |  3.639879069319364e-18 |
|     6.52 |     0.1 |     0.5 |           11.0 |        0.02 |      35.10911513730712 |            70000000000.0 | 1.9336886592337613e-17 |  6.472722004002262e-18 |
|     6.52 |     0.1 |     0.5 |          11.25 |        0.02 |     62.433816553359115 |       124479558702.72458 |  3.438638728141168e-17 |   1.15103082666231e-17 |
|     6.52 |     0.1 |     0.8 |            8.0 |        0.02 |   0.002691828092752804 |               70000000.0 |  1.486004468749539e-21 | 4.9732891695274125e-22 |
|     6.52 |     0.1 |     0.8 |           8.25 |        0.02 |   0.004786822472706654 |       124479558.70272458 |  2.642531150003135e-21 |  8.843897730340177e-22 |
|     6.52 |     0.1 |     0.8 |            8.5 |        0.02 |    0.00851230784272585 |       221359436.21178657 |  4.699158734437052e-21 | 1.5726921238353902e-21 |
|     6.52 |     0.1 |     0.8 |           8.75 |        0.02 |   0.015137261768632218 |       393638927.63324434 |  8.356417221953973e-21 |  2.796686022146858e-21 |
|     6.52 |     0.1 |     0.8 |            9.0 |        0.02 |   0.026918280927528043 |              700000000.0 | 1.4860044687495402e-20 | 4.9732891695274176e-21 |
|     6.52 |     0.1 |     0.8 |           9.25 |        0.02 |   0.047868224727066554 |       1244795587.0272458 | 2.6425311500031347e-20 |  8.843897730340176e-21 |
|     6.52 |     0.1 |     0.8 |            9.5 |        0.02 |    0.08512307842725848 |       2213594362.1178656 | 4.6991587344370493e-20 | 1.5726921238353893e-20 |
|     6.52 |     0.1 |     0.8 |           9.75 |        0.02 |    0.15137261768632215 |        3936389276.332443 |  8.356417221953971e-20 |  2.796686022146859e-20 |
|     6.52 |     0.1 |     0.8 |           10.0 |        0.02 |    0.26918280927528043 |             7000000000.0 | 1.4860044687495396e-19 | 4.9732891695274167e-20 |
|     6.52 |     0.1 |     0.8 |          10.25 |        0.02 |     0.4786822472706656 |       12447955870.272459 | 2.6425311500031353e-19 |  8.843897730340175e-20 |
|     6.52 |     0.1 |     0.8 |           10.5 |        0.02 |     0.8512307842725848 |       22135943621.178654 |  4.699158734437057e-19 | 1.5726921238353916e-19 |
|     6.52 |     0.1 |     0.8 |          10.75 |        0.02 |      1.513726176863222 |        39363892763.32443 |  8.356417221953973e-19 | 2.7966860221468586e-19 |
|     6.52 |     0.1 |     0.8 |           11.0 |        0.02 |     2.6918280927528038 |            70000000000.0 |   1.48600446874954e-18 |  4.973289169527415e-19 |
|     6.52 |     0.1 |     0.8 |          11.25 |        0.02 |      4.786822472706655 |       124479558702.72458 | 2.6425311500031348e-18 |  8.843897730340178e-19 |
|     6.52 |     0.1 |     1.0 |            8.0 |        0.02 | 0.00045422613780712835 |               70000000.0 |                    nan |                    nan |
|     6.52 |     0.1 |     1.0 |           8.25 |        0.02 |  0.0008077409883639189 |       124479558.70272458 |                    nan |                    nan |
|     6.52 |     0.1 |     1.0 |            8.5 |        0.02 |   0.001436389168252046 |       221359436.21178657 |                    nan |                    nan |
|     6.52 |     0.1 |     1.0 |           8.75 |        0.02 |  0.0025543012827055475 |       393638927.63324434 |                    nan |                    nan |
|     6.52 |     0.1 |     1.0 |            9.0 |        0.02 |   0.004542261378071284 |              700000000.0 |                    nan |                    nan |
|     6.52 |     0.1 |     1.0 |           9.25 |        0.02 |   0.008077409883639189 |       1244795587.0272458 |                    nan |                    nan |
|     6.52 |     0.1 |     1.0 |            9.5 |        0.02 |    0.01436389168252046 |       2213594362.1178656 |                    nan |                    nan |
|     6.52 |     0.1 |     1.0 |           9.75 |        0.02 |   0.025543012827055473 |        3936389276.332443 |                    nan |                    nan |
|     6.52 |     0.1 |     1.0 |           10.0 |        0.02 |    0.04542261378071284 |             7000000000.0 |                    nan |                    nan |
|     6.52 |     0.1 |     1.0 |          10.25 |        0.02 |    0.08077409883639187 |       12447955870.272459 |                    nan |                    nan |
|     6.52 |     0.1 |     1.0 |           10.5 |        0.02 |    0.14363891682520458 |       22135943621.178654 |                    nan |                    nan |
|     6.52 |     0.1 |     1.0 |          10.75 |        0.02 |    0.25543012827055467 |        39363892763.32443 |                    nan |                    nan |
|     6.52 |     0.1 |     1.0 |           11.0 |        0.02 |     0.4542261378071284 |            70000000000.0 |                    nan |                    nan |
|     6.52 |     0.1 |     1.0 |          11.25 |        0.02 |     0.8077409883639188 |       124479558702.72458 |                    nan |                    nan |
|     6.52 |     0.3 |    0.01 |            8.0 |        0.02 |     19.778396429633663 |               70000000.0 |  7.568523280345668e-18 | 2.6179000798589595e-18 |
|     6.52 |     0.3 |    0.01 |           8.25 |        0.02 |      35.17151513440489 |       124479558.70272458 | 1.3458949113838953e-17 |   4.65535780955244e-18 |
|     6.52 |     0.3 |    0.01 |            8.5 |        0.02 |      62.54478118338458 |       221359436.21178657 | 2.3933772089901396e-17 |  8.278526939090996e-18 |
|     6.52 |     0.3 |    0.01 |           8.75 |        0.02 |     111.22209658380265 |       393638927.63324434 | 4.2560934112035855e-17 | 1.4721534001238057e-17 |
|     6.52 |     0.3 |    0.01 |            9.0 |        0.02 |     197.78396429633665 |              700000000.0 |  7.568523280345661e-17 | 2.6179000798589562e-17 |
|     6.52 |     0.3 |    0.01 |           9.25 |        0.02 |      351.7151513440489 |       1244795587.0272458 | 1.3458949113838932e-16 | 4.6553578095524326e-17 |
|     6.52 |     0.3 |    0.01 |            9.5 |        0.02 |      625.4478118338457 |       2213594362.1178656 | 2.3933772089901377e-16 |  8.278526939090989e-17 |
|     6.52 |     0.3 |    0.01 |           9.75 |        0.02 |     1112.2209658380264 |        3936389276.332443 |  4.256093411203583e-16 | 1.4721534001238049e-16 |
|     6.52 |     0.3 |    0.01 |           10.0 |        0.02 |     1977.8396429633665 |             7000000000.0 |  7.568523280345663e-16 | 2.6179000798589573e-16 |
|     6.52 |     0.3 |    0.01 |          10.25 |        0.02 |     3517.1515134404895 |       12447955870.272459 | 1.3458949113838925e-15 |   4.65535780955243e-16 |
|     6.52 |     0.3 |    0.01 |           10.5 |        0.02 |      6254.478118338457 |       22135943621.178654 | 2.3933772089901393e-15 |  8.278526939090996e-16 |
|     6.52 |     0.3 |    0.01 |          10.75 |        0.02 |     11122.209658380261 |        39363892763.32443 |  4.256093411203585e-15 | 1.4721534001238057e-15 |
|     6.52 |     0.3 |    0.01 |           11.0 |        0.02 |     19778.396429633664 |            70000000000.0 |   7.56852328034566e-15 |  2.617900079858957e-15 |
|     6.52 |     0.3 |    0.01 |          11.25 |        0.02 |     35171.515134404886 |       124479558702.72458 | 1.3458949113838944e-14 |  4.655357809552436e-15 |
|     6.52 |     0.3 |     0.1 |            8.0 |        0.02 |     1.7840836785516268 |               70000000.0 |  9.396162675437746e-19 |  3.155964201292601e-19 |
|     6.52 |     0.3 |     0.1 |           8.25 |        0.02 |     3.1725992713548576 |       124479558.70272458 | 1.6709002619107177e-18 |  5.612186157978565e-19 |
|     6.52 |     0.3 |     0.1 |            8.5 |        0.02 |     5.6417679605548345 |       221359436.21178657 | 2.9713275319844742e-18 |  9.980035090038735e-19 |
|     6.52 |     0.3 |     0.1 |           8.75 |        0.02 |     10.032639800471946 |       393638927.63324434 |  5.283850570609755e-18 |  1.774729091208181e-18 |
|     6.52 |     0.3 |     0.1 |            9.0 |        0.02 |      17.84083678551627 |              700000000.0 |  9.396162675437743e-18 |  3.155964201292598e-18 |
|     6.52 |     0.3 |     0.1 |           9.25 |        0.02 |      31.72599271354858 |       1244795587.0272458 | 1.6709002619107198e-17 |   5.61218615797857e-18 |
|     6.52 |     0.3 |     0.1 |            9.5 |        0.02 |      56.41767960554834 |       2213594362.1178656 | 2.9713275319844734e-17 |  9.980035090038732e-18 |
|     6.52 |     0.3 |     0.1 |           9.75 |        0.02 |     100.32639800471947 |        3936389276.332443 | 5.2838505706097604e-17 |  1.774729091208183e-17 |
|     6.52 |     0.3 |     0.1 |           10.0 |        0.02 |     178.40836785516268 |             7000000000.0 |   9.39616267543774e-17 |  3.155964201292598e-17 |
|     6.52 |     0.3 |     0.1 |          10.25 |        0.02 |     317.25992713548584 |       12447955870.272459 | 1.6709002619107183e-16 |  5.612186157978565e-17 |
|     6.52 |     0.3 |     0.1 |           10.5 |        0.02 |      564.1767960554832 |       22135943621.178654 | 2.9713275319844744e-16 |  9.980035090038735e-17 |
|     6.52 |     0.3 |     0.1 |          10.75 |        0.02 |     1003.2639800471945 |        39363892763.32443 |  5.283850570609758e-16 | 1.7747290912081822e-16 |
|     6.52 |     0.3 |     0.1 |           11.0 |        0.02 |     1784.0836785516265 |            70000000000.0 |  9.396162675437746e-16 | 3.1559642012926003e-16 |
|     6.52 |     0.3 |     0.1 |          11.25 |        0.02 |     3172.5992713548576 |       124479558702.72458 | 1.6709002619107195e-15 |  5.612186157978567e-16 |
|     6.52 |     0.3 |     0.2 |            8.0 |        0.02 |      0.790636845368783 |               70000000.0 | 4.2286810503639288e-19 | 1.4186330760584312e-19 |
|     6.52 |     0.3 |     0.2 |           8.25 |        0.02 |     1.4059732229374344 |       124479558.70272458 |  7.519776443483945e-19 | 2.5227259895548915e-19 |
|     6.52 |     0.3 |     0.2 |            8.5 |        0.02 |      2.500213233415704 |       221359436.21178657 | 1.3372263617543216e-18 |   4.48611168439553e-19 |
|     6.52 |     0.3 |     0.2 |           8.75 |        0.02 |      4.446077713689986 |       393638927.63324434 |   2.37796210566897e-18 |  7.977560039495598e-19 |
|     6.52 |     0.3 |     0.2 |            9.0 |        0.02 |       7.90636845368783 |              700000000.0 |   4.22868105036393e-18 |  1.418633076058432e-18 |
|     6.52 |     0.3 |     0.2 |           9.25 |        0.02 |     14.059732229374346 |       1244795587.0272458 |  7.519776443483939e-18 | 2.5227259895548893e-18 |
|     6.52 |     0.3 |     0.2 |            9.5 |        0.02 |      25.00213233415704 |       2213594362.1178656 | 1.3372263617543199e-17 |  4.486111684395523e-18 |
|     6.52 |     0.3 |     0.2 |           9.75 |        0.02 |      44.46077713689986 |        3936389276.332443 | 2.3779621056689686e-17 |  7.977560039495595e-18 |
|     6.52 |     0.3 |     0.2 |           10.0 |        0.02 |       79.0636845368783 |             7000000000.0 | 4.2286810503639266e-17 | 1.4186330760584304e-17 |
|     6.52 |     0.3 |     0.2 |          10.25 |        0.02 |     140.59732229374347 |       12447955870.272459 |   7.51977644348394e-17 | 2.5227259895548902e-17 |
|     6.52 |     0.3 |     0.2 |           10.5 |        0.02 |      250.0213233415704 |       22135943621.178654 | 1.3372263617543204e-16 |  4.486111684395527e-17 |
|     6.52 |     0.3 |     0.2 |          10.75 |        0.02 |     444.60777136899856 |        39363892763.32443 |  2.377962105668968e-16 |  7.977560039495594e-17 |
|     6.52 |     0.3 |     0.2 |           11.0 |        0.02 |      790.6368453687829 |            70000000000.0 | 4.2286810503639257e-16 | 1.4186330760584304e-16 |
|     6.52 |     0.3 |     0.2 |          11.25 |        0.02 |     1405.9732229374342 |       124479558702.72458 |  7.519776443483936e-16 | 2.5227259895548893e-16 |
|     6.52 |     0.3 |     0.3 |            8.0 |        0.02 |     0.4640703970591113 |               70000000.0 | 2.4947601072985205e-19 |  8.366141118245277e-20 |
|     6.52 |     0.3 |     0.3 |           8.25 |        0.02 |      0.825246831898805 |       124479558.70272458 |  4.436380531795449e-19 |  1.487733649205558e-19 |
|     6.52 |     0.3 |     0.3 |            8.5 |        0.02 |     1.4675194493654973 |       221359436.21178657 |  7.889124154789379e-19 | 2.6456061160043147e-19 |
|     6.52 |     0.3 |     0.3 |           8.75 |        0.02 |     2.6096596206383214 |       393638927.63324434 | 1.4029067047702673e-18 |  4.704626883163519e-19 |
|     6.52 |     0.3 |     0.3 |            9.0 |        0.02 |      4.640703970591112 |              700000000.0 | 2.4947601072985202e-18 |  8.366141118245279e-19 |
|     6.52 |     0.3 |     0.3 |           9.25 |        0.02 |       8.25246831898805 |       1244795587.0272458 |  4.436380531795454e-18 | 1.4877336492055597e-18 |
|     6.52 |     0.3 |     0.3 |            9.5 |        0.02 |      14.67519449365497 |       2213594362.1178656 |  7.889124154789377e-18 | 2.6456061160043147e-18 |
|     6.52 |     0.3 |     0.3 |           9.75 |        0.02 |     26.096596206383214 |        3936389276.332443 | 1.4029067047702676e-17 |  4.704626883163519e-18 |
|     6.52 |     0.3 |     0.3 |           10.0 |        0.02 |     46.407039705911124 |             7000000000.0 | 2.4947601072985194e-17 |  8.366141118245275e-18 |
|     6.52 |     0.3 |     0.3 |          10.25 |        0.02 |       82.5246831898805 |       12447955870.272459 | 4.4363805317954505e-17 | 1.4877336492055584e-17 |
|     6.52 |     0.3 |     0.3 |           10.5 |        0.02 |      146.7519449365497 |       22135943621.178654 |  7.889124154789374e-17 | 2.6456061160043128e-17 |
|     6.52 |     0.3 |     0.3 |          10.75 |        0.02 |      260.9659620638321 |        39363892763.32443 | 1.4029067047702676e-16 |   4.70462688316352e-17 |
|     6.52 |     0.3 |     0.3 |           11.0 |        0.02 |     464.07039705911126 |            70000000000.0 | 2.4947601072985193e-16 |  8.366141118245275e-17 |
|     6.52 |     0.3 |     0.3 |          11.25 |        0.02 |      825.2468318988049 |       124479558702.72458 |  4.436380531795453e-16 | 1.4877336492055587e-16 |
|     6.52 |     0.3 |     0.4 |            8.0 |        0.02 |    0.30434426206665055 |               70000000.0 |  1.640263199479788e-19 |  5.499537611358033e-20 |
|     6.52 |     0.3 |     0.4 |           8.25 |        0.02 |     0.5412091347966147 |       124479558.70272458 |  2.916846274679472e-19 |  9.779714499012626e-20 |
|     6.52 |     0.3 |     0.4 |            8.5 |        0.02 |     0.9624210609337996 |       221359436.21178657 |  5.186967672511245e-19 | 1.7391064929653285e-19 |
|     6.52 |     0.3 |     0.4 |           8.75 |        0.02 |     1.7114535564463915 |       393638927.63324434 |  9.223877812564257e-19 | 3.0926172683052424e-19 |
|     6.52 |     0.3 |     0.4 |            9.0 |        0.02 |      3.043442620666506 |              700000000.0 | 1.6402631994797877e-18 |  5.499537611358031e-19 |
|     6.52 |     0.3 |     0.4 |           9.25 |        0.02 |      5.412091347966147 |       1244795587.0272458 | 2.9168462746794737e-18 |   9.77971449901263e-19 |
|     6.52 |     0.3 |     0.4 |            9.5 |        0.02 |      9.624210609337997 |       2213594362.1178656 |   5.18696767251124e-18 | 1.7391064929653273e-18 |
|     6.52 |     0.3 |     0.4 |           9.75 |        0.02 |     17.114535564463914 |        3936389276.332443 |  9.223877812564257e-18 | 3.0926172683052427e-18 |
|     6.52 |     0.3 |     0.4 |           10.0 |        0.02 |     30.434426206665055 |             7000000000.0 | 1.6402631994797884e-17 |  5.499537611358035e-18 |
|     6.52 |     0.3 |     0.4 |          10.25 |        0.02 |      54.12091347966147 |       12447955870.272459 | 2.9168462746794734e-17 |  9.779714499012627e-18 |
|     6.52 |     0.3 |     0.4 |           10.5 |        0.02 |      96.24210609337999 |       22135943621.178654 | 5.1869676725112405e-17 | 1.7391064929653273e-17 |
|     6.52 |     0.3 |     0.4 |          10.75 |        0.02 |     171.14535564463912 |        39363892763.32443 |  9.223877812564257e-17 |  3.092617268305242e-17 |
|     6.52 |     0.3 |     0.4 |           11.0 |        0.02 |      304.3442620666505 |            70000000000.0 | 1.6402631994797864e-16 |  5.499537611358029e-17 |
|     6.52 |     0.3 |     0.4 |          11.25 |        0.02 |      541.2091347966146 |       124479558702.72458 |  2.916846274679472e-16 |  9.779714499012624e-17 |
|     6.52 |     0.3 |     0.5 |            8.0 |        0.02 |     0.2114128213409365 |               70000000.0 | 1.1411354240530245e-19 |  3.825601797585841e-20 |
|     6.52 |     0.3 |     0.5 |           8.25 |        0.02 |     0.3759510672088247 |       124479558.70272458 | 2.0292576286595278e-19 |  6.802988907654792e-20 |
|     6.52 |     0.3 |     0.5 |            8.5 |        0.02 |     0.6685460419996123 |       221359436.21178657 | 3.6085870587096477e-19 | 1.2097615101205696e-19 |
|     6.52 |     0.3 |     0.5 |           8.75 |        0.02 |     1.1888616611509273 |       393638927.63324434 |  6.417076065836287e-19 | 2.1512939845050034e-19 |
|     6.52 |     0.3 |     0.5 |            9.0 |        0.02 |      2.114128213409365 |              700000000.0 |  1.141135424053024e-18 | 3.8256017975858416e-19 |
|     6.52 |     0.3 |     0.5 |           9.25 |        0.02 |      3.759510672088248 |       1244795587.0272458 | 2.0292576286595286e-18 |  6.802988907654795e-19 |
|     6.52 |     0.3 |     0.5 |            9.5 |        0.02 |      6.685460419996123 |       2213594362.1178656 |   3.60858705870965e-18 | 1.2097615101205703e-18 |
|     6.52 |     0.3 |     0.5 |           9.75 |        0.02 |     11.888616611509274 |        3936389276.332443 |  6.417076065836284e-18 |  2.151293984505002e-18 |
|     6.52 |     0.3 |     0.5 |           10.0 |        0.02 |      21.14128213409365 |             7000000000.0 | 1.1411354240530246e-17 |  3.825601797585841e-18 |
|     6.52 |     0.3 |     0.5 |          10.25 |        0.02 |      37.59510672088248 |       12447955870.272459 |  2.029257628659529e-17 |  6.802988907654795e-18 |
|     6.52 |     0.3 |     0.5 |           10.5 |        0.02 |      66.85460419996123 |       22135943621.178654 |  3.608587058709648e-17 | 1.2097615101205696e-17 |
|     6.52 |     0.3 |     0.5 |          10.75 |        0.02 |     118.88616611509273 |        39363892763.32443 |  6.417076065836285e-17 |  2.151293984505003e-17 |
|     6.52 |     0.3 |     0.5 |           11.0 |        0.02 |      211.4128213409365 |            70000000000.0 | 1.1411354240530237e-16 |  3.825601797585839e-17 |
|     6.52 |     0.3 |     0.5 |          11.25 |        0.02 |      375.9510672088247 |       124479558702.72458 | 2.0292576286595277e-16 |  6.802988907654791e-17 |
|     6.52 |     0.3 |     0.8 |            8.0 |        0.02 |    0.08287815540478258 |               70000000.0 | 4.4837176000871174e-20 |  1.502885905793249e-20 |
|     6.52 |     0.3 |     0.8 |           8.25 |        0.02 |    0.14738051729833093 |       124479558.70272458 |   7.97330268866406e-20 | 2.6725510619098336e-20 |
|     6.52 |     0.3 |     0.8 |            8.5 |        0.02 |    0.26208373935250723 |       221359436.21178657 | 1.4178760001259294e-19 |  4.752542525671918e-20 |
|     6.52 |     0.3 |     0.8 |           8.75 |        0.02 |     0.4660581173965713 |       393638927.63324434 | 2.5213796970122806e-19 |  8.451348518736739e-20 |
|     6.52 |     0.3 |     0.8 |            9.0 |        0.02 |     0.8287815540478258 |              700000000.0 |  4.483717600087116e-19 |  1.502885905793249e-19 |
|     6.52 |     0.3 |     0.8 |           9.25 |        0.02 |     1.4738051729833095 |       1244795587.0272458 | 7.9733026886640545e-19 | 2.6725510619098314e-19 |
|     6.52 |     0.3 |     0.8 |            9.5 |        0.02 |     2.6208373935250715 |       2213594362.1178656 |  1.417876000125927e-18 |  4.752542525671912e-19 |
|     6.52 |     0.3 |     0.8 |           9.75 |        0.02 |     4.6605811739657135 |        3936389276.332443 | 2.5213796970122814e-18 |  8.451348518736739e-19 |
|     6.52 |     0.3 |     0.8 |           10.0 |        0.02 |       8.28781554047826 |             7000000000.0 |  4.483717600087116e-18 | 1.5028859057932489e-18 |
|     6.52 |     0.3 |     0.8 |          10.25 |        0.02 |     14.738051729833094 |       12447955870.272459 |  7.973302688664054e-18 | 2.6725510619098323e-18 |
|     6.52 |     0.3 |     0.8 |           10.5 |        0.02 |     26.208373935250716 |       22135943621.178654 | 1.4178760001259264e-17 |  4.752542525671912e-18 |
|     6.52 |     0.3 |     0.8 |          10.75 |        0.02 |     46.605811739657135 |        39363892763.32443 |  2.521379697012283e-17 |  8.451348518736746e-18 |
|     6.52 |     0.3 |     0.8 |           11.0 |        0.02 |      82.87815540478259 |            70000000000.0 |  4.483717600087117e-17 |  1.502885905793249e-17 |
|     6.52 |     0.3 |     0.8 |          11.25 |        0.02 |     147.38051729833094 |       124479558702.72458 |   7.97330268866406e-17 |  2.672551061909834e-17 |
|     6.52 |     0.3 |     1.0 |            8.0 |        0.02 |    0.04688570516748193 |               70000000.0 |                    nan |                    nan |
|     6.52 |     0.3 |     1.0 |           8.25 |        0.02 |    0.08337588412448864 |       124479558.70272458 |                    nan |                    nan |
|     6.52 |     0.3 |     1.0 |            8.5 |        0.02 |    0.14826561803236926 |       221359436.21178657 |                    nan |                    nan |
|     6.52 |     0.3 |     1.0 |           8.75 |        0.02 |     0.2636576957636579 |       393638927.63324434 |                    nan |                    nan |
|     6.52 |     0.3 |     1.0 |            9.0 |        0.02 |     0.4688570516748193 |              700000000.0 |                    nan |                    nan |
|     6.52 |     0.3 |     1.0 |           9.25 |        0.02 |     0.8337588412448864 |       1244795587.0272458 |                    nan |                    nan |
|     6.52 |     0.3 |     1.0 |            9.5 |        0.02 |     1.4826561803236926 |       2213594362.1178656 |                    nan |                    nan |
|     6.52 |     0.3 |     1.0 |           9.75 |        0.02 |     2.6365769576365787 |        3936389276.332443 |                    nan |                    nan |
|     6.52 |     0.3 |     1.0 |           10.0 |        0.02 |      4.688570516748193 |             7000000000.0 |                    nan |                    nan |
|     6.52 |     0.3 |     1.0 |          10.25 |        0.02 |      8.337588412448865 |       12447955870.272459 |                    nan |                    nan |
|     6.52 |     0.3 |     1.0 |           10.5 |        0.02 |     14.826561803236924 |       22135943621.178654 |                    nan |                    nan |
|     6.52 |     0.3 |     1.0 |          10.75 |        0.02 |     26.365769576365782 |        39363892763.32443 |                    nan |                    nan |
|     6.52 |     0.3 |     1.0 |           11.0 |        0.02 |      46.88570516748193 |            70000000000.0 |                    nan |                    nan |
|     6.52 |     0.3 |     1.0 |          11.25 |        0.02 |      83.37588412448864 |       124479558702.72458 |                    nan |                    nan |
|     6.52 |     0.5 |    0.01 |            8.0 |        0.02 |     19.866889184691743 |               70000000.0 |  7.578584459191194e-18 |  2.621689911967747e-18 |
|     6.52 |     0.5 |    0.01 |           8.25 |        0.02 |      35.32887997866228 |       124479558.70272458 | 1.3476840701020656e-17 | 4.6620971899589955e-18 |
|     6.52 |     0.5 |    0.01 |            8.5 |        0.02 |     62.824619845791474 |       221359436.21178657 | 2.3965588330999575e-17 |  8.290511440504411e-18 |
|     6.52 |     0.5 |    0.01 |           8.75 |        0.02 |     111.71972791529367 |       393638927.63324434 |  4.261751227848563e-17 | 1.4742845793341126e-17 |
|     6.52 |     0.5 |    0.01 |            9.0 |        0.02 |     198.66889184691738 |              700000000.0 |  7.578584459191193e-17 | 2.6216899119677462e-17 |
|     6.52 |     0.5 |    0.01 |           9.25 |        0.02 |      353.2887997866228 |       1244795587.0272458 | 1.3476840701020655e-16 |  4.662097189958998e-17 |
|     6.52 |     0.5 |    0.01 |            9.5 |        0.02 |      628.2461984579147 |       2213594362.1178656 | 2.3965588330999556e-16 |  8.290511440504406e-17 |
|     6.52 |     0.5 |    0.01 |           9.75 |        0.02 |     1117.1972791529367 |        3936389276.332443 | 4.2617512278485575e-16 |  1.474284579334111e-16 |
|     6.52 |     0.5 |    0.01 |           10.0 |        0.02 |     1986.6889184691738 |             7000000000.0 |   7.57858445919119e-16 | 2.6216899119677453e-16 |
|     6.52 |     0.5 |    0.01 |          10.25 |        0.02 |     3532.8879978662285 |       12447955870.272459 | 1.3476840701020663e-15 |     4.662097189959e-16 |
|     6.52 |     0.5 |    0.01 |           10.5 |        0.02 |      6282.461984579148 |       22135943621.178654 | 2.3965588330999558e-15 |  8.290511440504407e-16 |
|     6.52 |     0.5 |    0.01 |          10.75 |        0.02 |     11171.972791529368 |        39363892763.32443 | 4.2617512278485594e-15 | 1.4742845793341122e-15 |
|     6.52 |     0.5 |    0.01 |           11.0 |        0.02 |      19866.88918469174 |            70000000000.0 |  7.578584459191192e-15 | 2.6216899119677455e-15 |
|     6.52 |     0.5 |    0.01 |          11.25 |        0.02 |     35328.879978662284 |       124479558702.72458 | 1.3476840701020656e-14 |  4.662097189958997e-15 |
|     6.52 |     0.5 |     0.1 |            8.0 |        0.02 |     1.8689180011592623 |               70000000.0 |   9.80404044942966e-19 | 3.2939171213126514e-19 |
|     6.52 |     0.5 |     0.1 |           8.25 |        0.02 |      3.323458400512615 |       124479558.70272458 | 1.7434323266409492e-18 |  5.857504995204963e-19 |
|     6.52 |     0.5 |     0.1 |            8.5 |        0.02 |      5.910037643752477 |       221359436.21178657 | 3.1003098092618534e-18 | 1.0416280527173124e-18 |
|     6.52 |     0.5 |     0.1 |           8.75 |        0.02 |      10.50969825443998 |       393638927.63324434 |  5.513217098552058e-18 |  1.852305719066135e-18 |
|     6.52 |     0.5 |     0.1 |            9.0 |        0.02 |     18.689180011592622 |              700000000.0 |  9.804040449429652e-18 | 3.2939171213126482e-18 |
|     6.52 |     0.5 |     0.1 |           9.25 |        0.02 |      33.23458400512616 |       1244795587.0272458 | 1.7434323266409488e-17 |  5.857504995204961e-18 |
|     6.52 |     0.5 |     0.1 |            9.5 |        0.02 |     59.100376437524766 |       2213594362.1178656 |  3.100309809261856e-17 | 1.0416280527173132e-17 |
|     6.52 |     0.5 |     0.1 |           9.75 |        0.02 |      105.0969825443998 |        3936389276.332443 |  5.513217098552055e-17 | 1.8523057190661343e-17 |
|     6.52 |     0.5 |     0.1 |           10.0 |        0.02 |     186.89180011592623 |             7000000000.0 |  9.804040449429643e-17 |  3.293917121312646e-17 |
|     6.52 |     0.5 |     0.1 |          10.25 |        0.02 |      332.3458400512616 |       12447955870.272459 |   1.74343232664095e-16 |  5.857504995204964e-17 |
|     6.52 |     0.5 |     0.1 |           10.5 |        0.02 |      591.0037643752476 |       22135943621.178654 | 3.1003098092618527e-16 | 1.0416280527173121e-16 |
|     6.52 |     0.5 |     0.1 |          10.75 |        0.02 |     1050.9698254439977 |        39363892763.32443 |  5.513217098552054e-16 | 1.8523057190661338e-16 |
|     6.52 |     0.5 |     0.1 |           11.0 |        0.02 |     1868.9180011592625 |            70000000000.0 |  9.804040449429653e-16 | 3.2939171213126497e-16 |
|     6.52 |     0.5 |     0.1 |          11.25 |        0.02 |     3323.4584005126158 |       124479558702.72458 | 1.7434323266409496e-15 |  5.857504995204964e-16 |
|     6.52 |     0.5 |     0.2 |            8.0 |        0.02 |     0.8712253027233926 |               70000000.0 |  4.641121086929608e-19 |   1.55745971136539e-19 |
|     6.52 |     0.5 |     0.2 |           8.25 |        0.02 |     1.5492820173379367 |       124479558.70272458 |  8.253210068384388e-19 | 2.7695985366862367e-19 |
|     6.52 |     0.5 |     0.2 |            8.5 |        0.02 |      2.755056311775618 |       221359436.21178657 | 1.4676513531333877e-18 |  4.925120051863063e-19 |
|     6.52 |     0.5 |     0.2 |           8.75 |        0.02 |      4.899259912728357 |       393638927.63324434 |   2.60989418239287e-18 |  8.758239580197926e-19 |
|     6.52 |     0.5 |     0.2 |            9.0 |        0.02 |      8.712253027233924 |              700000000.0 |  4.641121086929607e-18 | 1.5574597113653896e-18 |
|     6.52 |     0.5 |     0.2 |           9.25 |        0.02 |     15.492820173379366 |       1244795587.0272458 |   8.25321006838439e-18 | 2.7695985366862374e-18 |
|     6.52 |     0.5 |     0.2 |            9.5 |        0.02 |     27.550563117756177 |       2213594362.1178656 |  1.467651353133389e-17 | 4.9251200518630666e-18 |
|     6.52 |     0.5 |     0.2 |           9.75 |        0.02 |      48.99259912728356 |        3936389276.332443 | 2.6098941823928705e-17 |  8.758239580197923e-18 |
|     6.52 |     0.5 |     0.2 |           10.0 |        0.02 |      87.12253027233926 |             7000000000.0 | 4.6411210869296056e-17 |  1.557459711365389e-17 |
|     6.52 |     0.5 |     0.2 |          10.25 |        0.02 |     154.92820173379363 |       12447955870.272459 |  8.253210068384388e-17 | 2.7695985366862372e-17 |
|     6.52 |     0.5 |     0.2 |           10.5 |        0.02 |      275.5056311775618 |       22135943621.178654 | 1.4676513531333879e-16 |  4.925120051863062e-17 |
|     6.52 |     0.5 |     0.2 |          10.75 |        0.02 |     489.92599127283563 |        39363892763.32443 |  2.609894182392868e-16 |  8.758239580197918e-17 |
|     6.52 |     0.5 |     0.2 |           11.0 |        0.02 |      871.2253027233926 |            70000000000.0 |  4.641121086929609e-16 | 1.5574597113653905e-16 |
|     6.52 |     0.5 |     0.2 |          11.25 |        0.02 |     1549.2820173379366 |       124479558702.72458 |  8.253210068384392e-16 |  2.769598536686238e-16 |
|     6.52 |     0.5 |     0.3 |            8.0 |        0.02 |     0.5402514320671059 |               70000000.0 |  2.892676199608899e-19 |  9.703443395376744e-20 |
|     6.52 |     0.5 |     0.3 |           8.25 |        0.02 |     0.9607179978889763 |       124479558.70272458 |   5.14398652567415e-19 | 1.7255433596476644e-19 |
|     6.52 |     0.5 |     0.3 |            8.5 |        0.02 |      1.708425034499784 |       221359436.21178657 |   9.14744532412399e-19 |  3.068498227590829e-19 |
|     6.52 |     0.5 |     0.3 |           8.75 |        0.02 |      3.038057062446002 |       393638927.63324434 | 1.6266713674346507e-18 |  5.456647217865698e-19 |
|     6.52 |     0.5 |     0.3 |            9.0 |        0.02 |      5.402514320671059 |              700000000.0 | 2.8926761996088997e-18 |  9.703443395376746e-19 |
|     6.52 |     0.5 |     0.3 |           9.25 |        0.02 |      9.607179978889762 |       1244795587.0272458 |  5.143986525674149e-18 | 1.7255433596476651e-18 |
|     6.52 |     0.5 |     0.3 |            9.5 |        0.02 |     17.084250344997837 |       2213594362.1178656 |  9.147445324123996e-18 | 3.0684982275908298e-18 |
|     6.52 |     0.5 |     0.3 |           9.75 |        0.02 |     30.380570624460017 |        3936389276.332443 | 1.6266713674346514e-17 |  5.456647217865699e-18 |
|     6.52 |     0.5 |     0.3 |           10.0 |        0.02 |      54.02514320671059 |             7000000000.0 | 2.8926761996088996e-17 |  9.703443395376746e-18 |
|     6.52 |     0.5 |     0.3 |          10.25 |        0.02 |      96.07179978889764 |       12447955870.272459 |  5.143986525674147e-17 | 1.7255433596476647e-17 |
|     6.52 |     0.5 |     0.3 |           10.5 |        0.02 |     170.84250344997838 |       22135943621.178654 |  9.147445324123997e-17 |   3.06849822759083e-17 |
|     6.52 |     0.5 |     0.3 |          10.75 |        0.02 |      303.8057062446002 |        39363892763.32443 | 1.6266713674346505e-16 |  5.456647217865696e-17 |
|     6.52 |     0.5 |     0.3 |           11.0 |        0.02 |       540.251432067106 |            70000000000.0 |  2.892676199608901e-16 |  9.703443395376747e-17 |
|     6.52 |     0.5 |     0.3 |          11.25 |        0.02 |      960.7179978889762 |       124479558702.72458 |  5.143986525674145e-16 | 1.7255433596476633e-16 |
|     6.52 |     0.5 |     0.4 |            8.0 |        0.02 |    0.37599203575275386 |               70000000.0 | 2.0182899703554867e-19 |  6.769027790925197e-20 |
|     6.52 |     0.5 |     0.4 |           8.25 |        0.02 |     0.6686188955177407 |       124479558.70272458 | 3.5890834977712327e-19 | 1.2037222746583543e-19 |
|     6.52 |     0.5 |     0.4 |            8.5 |        0.02 |     1.1889912150621642 |       221359436.21178657 |  6.382393284997057e-19 | 2.1405545364301672e-19 |
|     6.52 |     0.5 |     0.4 |           8.75 |        0.02 |     2.1143585964622074 |       393638927.63324434 | 1.1349678565480945e-18 | 3.8065040581991766e-19 |
|     6.52 |     0.5 |     0.4 |            9.0 |        0.02 |      3.759920357527539 |              700000000.0 |  2.018289970355487e-18 |  6.769027790925202e-19 |
|     6.52 |     0.5 |     0.4 |           9.25 |        0.02 |      6.686188955177406 |       1244795587.0272458 |  3.589083497771231e-18 | 1.2037222746583535e-18 |
|     6.52 |     0.5 |     0.4 |            9.5 |        0.02 |      11.88991215062164 |       2213594362.1178656 | 6.3823932849970574e-18 |  2.140554536430167e-18 |
|     6.52 |     0.5 |     0.4 |           9.75 |        0.02 |     21.143585964622073 |        3936389276.332443 | 1.1349678565480954e-17 |  3.806504058199178e-18 |
|     6.52 |     0.5 |     0.4 |           10.0 |        0.02 |      37.59920357527538 |             7000000000.0 |  2.018289970355486e-17 | 6.7690277909251954e-18 |
|     6.52 |     0.5 |     0.4 |          10.25 |        0.02 |      66.86188955177407 |       12447955870.272459 |   3.58908349777123e-17 | 1.2037222746583539e-17 |
|     6.52 |     0.5 |     0.4 |           10.5 |        0.02 |     118.89912150621642 |       22135943621.178654 |  6.382393284997055e-17 | 2.1405545364301667e-17 |
|     6.52 |     0.5 |     0.4 |          10.75 |        0.02 |      211.4358596462207 |        39363892763.32443 | 1.1349678565480943e-16 | 3.8065040581991767e-17 |
|     6.52 |     0.5 |     0.4 |           11.0 |        0.02 |      375.9920357527539 |            70000000000.0 | 2.0182899703554865e-16 |  6.769027790925197e-17 |
|     6.52 |     0.5 |     0.4 |          11.25 |        0.02 |      668.6188955177407 |       124479558702.72458 | 3.5890834977712293e-16 | 1.2037222746583534e-16 |
|     6.52 |     0.5 |     0.5 |            8.0 |        0.02 |    0.27844223823546677 |               70000000.0 | 1.4969151300048477e-19 |  5.019842791344171e-20 |
|     6.52 |     0.5 |     0.5 |           8.25 |        0.02 |      0.495148099139283 |       124479558.70272458 | 2.6619333542633575e-19 |  8.926683077479651e-20 |
|     6.52 |     0.5 |     0.5 |            8.5 |        0.02 |     0.8805116696192984 |       221359436.21178657 |  4.733661274782376e-19 |  1.587413671662495e-19 |
|     6.52 |     0.5 |     0.5 |           8.75 |        0.02 |     1.5657957723829927 |       393638927.63324434 |  8.417772379044103e-19 |  2.822865047531704e-19 |
|     6.52 |     0.5 |     0.5 |            9.0 |        0.02 |     2.7844223823546677 |              700000000.0 | 1.4969151300048489e-18 |  5.019842791344174e-19 |
|     6.52 |     0.5 |     0.5 |           9.25 |        0.02 |       4.95148099139283 |       1244795587.0272458 |  2.661933354263359e-18 |   8.92668307747965e-19 |
|     6.52 |     0.5 |     0.5 |            9.5 |        0.02 |      8.805116696192984 |       2213594362.1178656 | 4.7336612747823755e-18 |  1.587413671662495e-18 |
|     6.52 |     0.5 |     0.5 |           9.75 |        0.02 |     15.657957723829927 |        3936389276.332443 |  8.417772379044103e-18 | 2.8228650475317037e-18 |
|     6.52 |     0.5 |     0.5 |           10.0 |        0.02 |     27.844223823546677 |             7000000000.0 | 1.4969151300048477e-17 |   5.01984279134417e-18 |
|     6.52 |     0.5 |     0.5 |          10.25 |        0.02 |       49.5148099139283 |       12447955870.272459 | 2.6619333542633596e-17 |  8.926683077479653e-18 |
|     6.52 |     0.5 |     0.5 |           10.5 |        0.02 |      88.05116696192982 |       22135943621.178654 | 4.7336612747823755e-17 | 1.5874136716624948e-17 |
|     6.52 |     0.5 |     0.5 |          10.75 |        0.02 |     156.57957723829927 |        39363892763.32443 |  8.417772379044098e-17 | 2.8228650475317015e-17 |
|     6.52 |     0.5 |     0.5 |           11.0 |        0.02 |     278.44223823546673 |            70000000000.0 |  1.496915130004848e-16 |   5.01984279134417e-17 |
|     6.52 |     0.5 |     0.5 |          11.25 |        0.02 |     495.14809913928303 |       124479558702.72458 |  2.661933354263359e-16 |  8.926683077479654e-17 |
|     6.52 |     0.5 |     0.8 |            8.0 |        0.02 |     0.1359947260744871 |               70000000.0 |  7.327802223728259e-20 |  2.456927010584035e-20 |
|     6.52 |     0.5 |     0.8 |           8.25 |        0.02 |    0.24183662125214384 |       124479558.70272458 | 1.3030879815293395e-19 | 4.3691027148900736e-20 |
|     6.52 |     0.5 |     0.8 |            8.5 |        0.02 |     0.4300530841660688 |       221359436.21178657 | 2.3172545270228034e-19 |  7.769485398234176e-20 |
|     6.52 |     0.5 |     0.8 |           8.75 |        0.02 |     0.7647545447962559 |       393638927.63324434 |  4.120726013224139e-19 | 1.3816315910277903e-19 |
|     6.52 |     0.5 |     0.8 |            9.0 |        0.02 |     1.3599472607448708 |              700000000.0 |   7.32780222372826e-19 | 2.4569270105840364e-19 |
|     6.52 |     0.5 |     0.8 |           9.25 |        0.02 |      2.418366212521438 |       1244795587.0272458 | 1.3030879815293397e-18 |  4.369102714890074e-19 |
|     6.52 |     0.5 |     0.8 |            9.5 |        0.02 |      4.300530841660687 |       2213594362.1178656 |  2.317254527022807e-18 |  7.769485398234182e-19 |
|     6.52 |     0.5 |     0.8 |           9.75 |        0.02 |      7.647545447962559 |        3936389276.332443 |  4.120726013224136e-18 | 1.3816315910277897e-18 |
|     6.52 |     0.5 |     0.8 |           10.0 |        0.02 |     13.599472607448707 |             7000000000.0 |  7.327802223728258e-18 |  2.456927010584036e-18 |
|     6.52 |     0.5 |     0.8 |          10.25 |        0.02 |     24.183662125214386 |       12447955870.272459 | 1.3030879815293406e-17 |  4.369102714890076e-18 |
|     6.52 |     0.5 |     0.8 |           10.5 |        0.02 |      43.00530841660687 |       22135943621.178654 | 2.3172545270228047e-17 |  7.769485398234175e-18 |
|     6.52 |     0.5 |     0.8 |          10.75 |        0.02 |       76.4754544796256 |        39363892763.32443 | 4.1207260132241384e-17 | 1.3816315910277903e-17 |
|     6.52 |     0.5 |     0.8 |           11.0 |        0.02 |     135.99472607448712 |            70000000000.0 |  7.327802223728262e-17 | 2.4569270105840367e-17 |
|     6.52 |     0.5 |     0.8 |          11.25 |        0.02 |      241.8366212521438 |       124479558702.72458 | 1.3030879815293395e-16 | 4.3691027148900735e-17 |
|     6.52 |     0.5 |     1.0 |            8.0 |        0.02 |    0.09113576837112104 |               70000000.0 |                    nan |                    nan |
|     6.52 |     0.5 |     1.0 |           8.25 |        0.02 |    0.16206486041244106 |       124479558.70272458 |                    nan |                    nan |
|     6.52 |     0.5 |     1.0 |            8.5 |        0.02 |    0.28819660436227607 |       221359436.21178657 |                    nan |                    nan |
|     6.52 |     0.5 |     1.0 |           8.75 |        0.02 |     0.5124940875805691 |       393638927.63324434 |                    nan |                    nan |
|     6.52 |     0.5 |     1.0 |            9.0 |        0.02 |     0.9113576837112106 |              700000000.0 |                    nan |                    nan |
|     6.52 |     0.5 |     1.0 |           9.25 |        0.02 |     1.6206486041244106 |       1244795587.0272458 |                    nan |                    nan |
|     6.52 |     0.5 |     1.0 |            9.5 |        0.02 |     2.8819660436227603 |       2213594362.1178656 |                    nan |                    nan |
|     6.52 |     0.5 |     1.0 |           9.75 |        0.02 |      5.124940875805692 |        3936389276.332443 |                    nan |                    nan |
|     6.52 |     0.5 |     1.0 |           10.0 |        0.02 |      9.113576837112104 |             7000000000.0 |                    nan |                    nan |
|     6.52 |     0.5 |     1.0 |          10.25 |        0.02 |     16.206486041244105 |       12447955870.272459 |                    nan |                    nan |
|     6.52 |     0.5 |     1.0 |           10.5 |        0.02 |     28.819660436227604 |       22135943621.178654 |                    nan |                    nan |
|     6.52 |     0.5 |     1.0 |          10.75 |        0.02 |     51.249408758056916 |        39363892763.32443 |                    nan |                    nan |
|     6.52 |     0.5 |     1.0 |           11.0 |        0.02 |      91.13576837112105 |            70000000000.0 |                    nan |                    nan |
|     6.52 |     0.5 |     1.0 |          11.25 |        0.02 |     162.06486041244108 |       124479558702.72458 |                    nan |                    nan |
|     6.52 |     1.0 |    0.01 |            8.0 |        0.02 |     19.933388925938797 |               70000000.0 |  7.586114158600905e-18 | 2.6245264415991896e-18 |
|     6.52 |     1.0 |    0.01 |           8.25 |        0.02 |      35.44713509929483 |       124479558.70272458 | 1.3490230610444724e-17 |  4.667141332198559e-18 |
|     6.52 |     1.0 |    0.01 |            8.5 |        0.02 |      63.03491049194401 |       221359436.21178657 | 2.3989399331230675e-17 |  8.299481334790326e-18 |
|     6.52 |     1.0 |    0.01 |           8.75 |        0.02 |     112.09368344147052 |       393638927.63324434 |  4.265985488992901e-17 | 1.4758796771659997e-17 |
|     6.52 |     1.0 |    0.01 |            9.0 |        0.02 |     199.33388925938795 |              700000000.0 |  7.586114158600901e-17 |  2.624526441599189e-17 |
|     6.52 |     1.0 |    0.01 |           9.25 |        0.02 |      354.4713509929483 |       1244795587.0272458 | 1.3490230610444738e-16 |  4.667141332198561e-17 |
|     6.52 |     1.0 |    0.01 |            9.5 |        0.02 |        630.34910491944 |       2213594362.1178656 | 2.3989399331230675e-16 |  8.299481334790329e-17 |
|     6.52 |     1.0 |    0.01 |           9.75 |        0.02 |     1120.9368344147051 |        3936389276.332443 |  4.265985488992901e-16 | 1.4758796771659992e-16 |
|     6.52 |     1.0 |    0.01 |           10.0 |        0.02 |      1993.338892593879 |             7000000000.0 |  7.586114158600903e-16 | 2.6245264415991897e-16 |
|     6.52 |     1.0 |    0.01 |          10.25 |        0.02 |     3544.7135099294837 |       12447955870.272459 |  1.349023061044473e-15 |  4.667141332198558e-16 |
|     6.52 |     1.0 |    0.01 |           10.5 |        0.02 |      6303.491049194401 |       22135943621.178654 |  2.398939933123069e-15 |  8.299481334790332e-16 |
|     6.52 |     1.0 |    0.01 |          10.75 |        0.02 |      11209.36834414705 |        39363892763.32443 |  4.265985488992901e-15 | 1.4758796771659995e-15 |
|     6.52 |     1.0 |    0.01 |           11.0 |        0.02 |     19933.388925938794 |            70000000000.0 |  7.586114158600903e-15 | 2.6245264415991894e-15 |
|     6.52 |     1.0 |    0.01 |          11.25 |        0.02 |      35447.13509929483 |       124479558702.72458 | 1.3490230610444732e-14 |   4.66714133219856e-15 |
|     6.52 |     1.0 |     0.1 |            8.0 |        0.02 |      1.933892560993188 |               70000000.0 | 1.0114841999459181e-18 |  3.399075155780555e-19 |
|     6.52 |     1.0 |     0.1 |           8.25 |        0.02 |     3.4390013224416283 |       124479558.70272458 | 1.7987015263435184e-18 |    6.0445053626994e-19 |
|     6.52 |     1.0 |     0.1 |            8.5 |        0.02 |      6.115505242794574 |       221359436.21178657 | 3.1985938891022636e-18 | 1.0748819430358199e-18 |
|     6.52 |     1.0 |     0.1 |           8.75 |        0.02 |     10.875077055246676 |       393638927.63324434 |  5.687993654066881e-18 | 1.9114404275232306e-18 |
|     6.52 |     1.0 |     0.1 |            9.0 |        0.02 |     19.338925609931884 |              700000000.0 | 1.0114841999459186e-17 | 3.3990751557805543e-18 |
|     6.52 |     1.0 |     0.1 |           9.25 |        0.02 |     34.390013224416286 |       1244795587.0272458 | 1.7987015263435186e-17 | 6.0445053626994036e-18 |
|     6.52 |     1.0 |     0.1 |            9.5 |        0.02 |      61.15505242794573 |       2213594362.1178656 |  3.198593889102264e-17 | 1.0748819430358202e-17 |
|     6.52 |     1.0 |     0.1 |           9.75 |        0.02 |     108.75077055246675 |        3936389276.332443 |  5.687993654066874e-17 | 1.9114404275232283e-17 |
|     6.52 |     1.0 |     0.1 |           10.0 |        0.02 |     193.38925609931883 |             7000000000.0 | 1.0114841999459186e-16 |  3.399075155780555e-17 |
|     6.52 |     1.0 |     0.1 |          10.25 |        0.02 |      343.9001322441629 |       12447955870.272459 | 1.7987015263435198e-16 |  6.044505362699404e-17 |
|     6.52 |     1.0 |     0.1 |           10.5 |        0.02 |      611.5505242794574 |       22135943621.178654 | 3.1985938891022627e-16 | 1.0748819430358198e-16 |
|     6.52 |     1.0 |     0.1 |          10.75 |        0.02 |     1087.5077055246675 |        39363892763.32443 |  5.687993654066874e-16 | 1.9114404275232275e-16 |
|     6.52 |     1.0 |     0.1 |           11.0 |        0.02 |     1933.8925609931885 |            70000000000.0 | 1.0114841999459185e-15 | 3.3990751557805557e-16 |
|     6.52 |     1.0 |     0.1 |          11.25 |        0.02 |      3439.001322441628 |       124479558702.72458 | 1.7987015263435196e-15 |  6.044505362699403e-16 |
|     6.52 |     1.0 |     0.2 |            8.0 |        0.02 |     0.9344590005796312 |               70000000.0 |  4.963103253490011e-19 | 1.6658786684086882e-19 |
|     6.52 |     1.0 |     0.2 |           8.25 |        0.02 |     1.6617292002563075 |       124479558.70272458 |  8.825784325578473e-19 |  2.962397735654228e-19 |
|     6.52 |     1.0 |     0.2 |            8.5 |        0.02 |     2.9550188218762385 |       221359436.21178657 | 1.5694710543620466e-18 |  5.267970897659845e-19 |
|     6.52 |     1.0 |     0.2 |           8.75 |        0.02 |       5.25484912721999 |       393638927.63324434 |  2.790958060624104e-18 |  9.367924179992756e-19 |
|     6.52 |     1.0 |     0.2 |            9.0 |        0.02 |      9.344590005796311 |              700000000.0 |  4.963103253490009e-18 |  1.665878668408688e-18 |
|     6.52 |     1.0 |     0.2 |           9.25 |        0.02 |      16.61729200256308 |       1244795587.0272458 |  8.825784325578474e-18 | 2.9623977356542282e-18 |
|     6.52 |     1.0 |     0.2 |            9.5 |        0.02 |     29.550188218762383 |       2213594362.1178656 | 1.5694710543620476e-17 |  5.267970897659848e-18 |
|     6.52 |     1.0 |     0.2 |           9.75 |        0.02 |       52.5484912721999 |        3936389276.332443 |  2.790958060624108e-17 |  9.367924179992767e-18 |
|     6.52 |     1.0 |     0.2 |           10.0 |        0.02 |      93.44590005796312 |             7000000000.0 |  4.963103253490011e-17 | 1.6658786684086884e-17 |
|     6.52 |     1.0 |     0.2 |          10.25 |        0.02 |      166.1729200256308 |       12447955870.272459 |  8.825784325578473e-17 |  2.962397735654229e-17 |
|     6.52 |     1.0 |     0.2 |           10.5 |        0.02 |      295.5018821876238 |       22135943621.178654 | 1.5694710543620463e-16 |  5.267970897659842e-17 |
|     6.52 |     1.0 |     0.2 |          10.75 |        0.02 |      525.4849127219989 |        39363892763.32443 | 2.7909580606241056e-16 |  9.367924179992759e-17 |
|     6.52 |     1.0 |     0.2 |           11.0 |        0.02 |      934.4590005796313 |            70000000000.0 |  4.963103253490011e-16 | 1.6658786684086885e-16 |
|     6.52 |     1.0 |     0.2 |          11.25 |        0.02 |     1661.7292002563079 |       124479558702.72458 |  8.825784325578476e-16 |   2.96239773565423e-16 |
|     6.52 |     1.0 |     0.3 |            8.0 |        0.02 |     0.6016991071089899 |               70000000.0 | 3.2120313151437223e-19 | 1.0777117654661168e-19 |
|     6.52 |     1.0 |     0.3 |           8.25 |        0.02 |     1.0699891332107208 |       124479558.70272458 |  5.711889152120321e-19 | 1.9164726424850914e-19 |
|     6.52 |     1.0 |     0.3 |            8.5 |        0.02 |     1.9027396445540192 |       221359436.21178657 | 1.0157334871640254e-18 |  3.408023840034126e-19 |
|     6.52 |     1.0 |     0.3 |           8.75 |        0.02 |      3.383602732575191 |       393638927.63324434 | 1.8062579463108204e-18 |  6.060418623654469e-19 |
|     6.52 |     1.0 |     0.3 |            9.0 |        0.02 |     6.0169910710898975 |              700000000.0 | 3.2120313151437238e-18 | 1.0777117654661173e-18 |
|     6.52 |     1.0 |     0.3 |           9.25 |        0.02 |     10.699891332107208 |       1244795587.0272458 |   5.71188915212032e-18 |  1.916472642485091e-18 |
|     6.52 |     1.0 |     0.3 |            9.5 |        0.02 |      19.02739644554019 |       2213594362.1178656 | 1.0157334871640249e-17 |  3.408023840034124e-18 |
|     6.52 |     1.0 |     0.3 |           9.75 |        0.02 |     33.836027325751914 |        3936389276.332443 |  1.806257946310821e-17 |  6.060418623654469e-18 |
|     6.52 |     1.0 |     0.3 |           10.0 |        0.02 |      60.16991071089896 |             7000000000.0 |  3.212031315143723e-17 | 1.0777117654661172e-17 |
|     6.52 |     1.0 |     0.3 |          10.25 |        0.02 |      106.9989133210721 |       12447955870.272459 |  5.711889152120325e-17 | 1.9164726424850927e-17 |
|     6.52 |     1.0 |     0.3 |           10.5 |        0.02 |      190.2739644554019 |       22135943621.178654 | 1.0157334871640248e-16 |  3.408023840034124e-17 |
|     6.52 |     1.0 |     0.3 |          10.75 |        0.02 |     338.36027325751905 |        39363892763.32443 |  1.806257946310821e-16 |  6.060418623654471e-17 |
|     6.52 |     1.0 |     0.3 |           11.0 |        0.02 |      601.6991071089898 |            70000000000.0 | 3.2120313151437234e-16 | 1.0777117654661173e-16 |
|     6.52 |     1.0 |     0.3 |          11.25 |        0.02 |     1069.9891332107209 |       124479558702.72458 |  5.711889152120326e-16 |  1.916472642485093e-16 |
|     6.52 |     1.0 |     0.4 |            8.0 |        0.02 |     0.4356126513616963 |               70000000.0 |  2.331310069034293e-19 |  7.820596916178623e-20 |
|     6.52 |     1.0 |     0.4 |           8.25 |        0.02 |     0.7746410086689683 |       124479558.70272458 | 4.1457206941801023e-19 | 1.3907206470254337e-19 |
|     6.52 |     1.0 |     0.4 |            8.5 |        0.02 |      1.377528155887809 |       221359436.21178657 |  7.372249750232751e-19 |  2.473089891721339e-19 |
|     6.52 |     1.0 |     0.4 |           8.75 |        0.02 |     2.4496299563641784 |       393638927.63324434 | 1.3109919936503504e-18 |  4.397844833623449e-19 |
|     6.52 |     1.0 |     0.4 |            9.0 |        0.02 |      4.356126513616962 |              700000000.0 |  2.331310069034293e-18 |  7.820596916178624e-19 |
|     6.52 |     1.0 |     0.4 |           9.25 |        0.02 |      7.746410086689683 |       1244795587.0272458 |  4.145720694180106e-18 | 1.3907206470254348e-18 |
|     6.52 |     1.0 |     0.4 |            9.5 |        0.02 |     13.775281558878088 |       2213594362.1178656 |  7.372249750232748e-18 |  2.473089891721338e-18 |
|     6.52 |     1.0 |     0.4 |           9.75 |        0.02 |      24.49629956364178 |        3936389276.332443 | 1.3109919936503483e-17 |  4.397844833623444e-18 |
|     6.52 |     1.0 |     0.4 |           10.0 |        0.02 |      43.56126513616963 |             7000000000.0 | 2.3313100690342926e-17 |   7.82059691617862e-18 |
|     6.52 |     1.0 |     0.4 |          10.25 |        0.02 |      77.46410086689681 |       12447955870.272459 |  4.145720694180104e-17 | 1.3907206470254342e-17 |
|     6.52 |     1.0 |     0.4 |           10.5 |        0.02 |      137.7528155887809 |       22135943621.178654 |  7.372249750232752e-17 | 2.4730898917213393e-17 |
|     6.52 |     1.0 |     0.4 |          10.75 |        0.02 |     244.96299563641782 |        39363892763.32443 | 1.3109919936503493e-16 | 4.3978448336234453e-17 |
|     6.52 |     1.0 |     0.4 |           11.0 |        0.02 |      435.6126513616963 |            70000000000.0 | 2.3313100690342953e-16 |  7.820596916178631e-17 |
|     6.52 |     1.0 |     0.4 |          11.25 |        0.02 |      774.6410086689683 |       124479558702.72458 |  4.145720694180106e-16 |  1.390720647025435e-16 |
|     6.52 |     1.0 |     0.5 |            8.0 |        0.02 |     0.3361993867092269 |               70000000.0 |  1.801993238395812e-19 |  6.044263922852762e-20 |
|     6.52 |     1.0 |     0.5 |           8.25 |        0.02 |     0.5978564470527317 |       124479558.70272458 | 3.2044474728686344e-19 | 1.0748390082850158e-19 |
|     6.52 |     1.0 |     0.5 |            8.5 |        0.02 |     1.0631558099528982 |       221359436.21178657 |  5.698402961553555e-19 | 1.9113640775398995e-19 |
|     6.52 |     1.0 |     0.5 |           8.75 |        0.02 |      1.890588086502493 |       393638927.63324434 |   1.01333526566355e-18 | 3.3989393841772405e-19 |
|     6.52 |     1.0 |     0.5 |            9.0 |        0.02 |     3.3619938670922696 |              700000000.0 | 1.8019932383958133e-18 |  6.044263922852764e-19 |
|     6.52 |     1.0 |     0.5 |           9.25 |        0.02 |      5.978564470527317 |       1244795587.0272458 |  3.204447472868635e-18 | 1.0748390082850158e-18 |
|     6.52 |     1.0 |     0.5 |            9.5 |        0.02 |     10.631558099528982 |       2213594362.1178656 |  5.698402961553552e-18 | 1.9113640775398986e-18 |
|     6.52 |     1.0 |     0.5 |           9.75 |        0.02 |      18.90588086502493 |        3936389276.332443 | 1.0133352656635503e-17 | 3.3989393841772418e-18 |
|     6.52 |     1.0 |     0.5 |           10.0 |        0.02 |     33.619938670922686 |             7000000000.0 |  1.801993238395811e-17 |  6.044263922852758e-18 |
|     6.52 |     1.0 |     0.5 |          10.25 |        0.02 |      59.78564470527317 |       12447955870.272459 |  3.204447472868633e-17 | 1.0748390082850151e-17 |
|     6.52 |     1.0 |     0.5 |           10.5 |        0.02 |      106.3155809952898 |       22135943621.178654 |   5.69840296155355e-17 | 1.9113640775398986e-17 |
|     6.52 |     1.0 |     0.5 |          10.75 |        0.02 |     189.05880865024926 |        39363892763.32443 | 1.0133352656635496e-16 |  3.398939384177239e-17 |
|     6.52 |     1.0 |     0.5 |           11.0 |        0.02 |     336.19938670922687 |            70000000000.0 | 1.8019932383958114e-16 |  6.044263922852759e-17 |
|     6.52 |     1.0 |     0.5 |          11.25 |        0.02 |      597.8564470527317 |       124479558702.72458 |  3.204447472868633e-16 | 1.0748390082850153e-16 |
|     6.52 |     1.0 |     0.8 |            8.0 |        0.02 |    0.18799601787637693 |               70000000.0 | 1.0099328289030271e-19 |  3.386948729062028e-20 |
|     6.52 |     1.0 |     0.8 |           8.25 |        0.02 |    0.33430944775887034 |       124479558.70272458 | 1.7959427551606163e-19 |  6.022941187748499e-20 |
|     6.52 |     1.0 |     0.8 |            8.5 |        0.02 |     0.5944956075310821 |       221359436.21178657 | 3.1936880231106973e-19 | 1.0710472302048535e-19 |
|     6.52 |     1.0 |     0.8 |           8.75 |        0.02 |     1.0571792982311037 |       393638927.63324434 |  5.679269653585665e-19 | 1.9046212366525093e-19 |
|     6.52 |     1.0 |     0.8 |            9.0 |        0.02 |     1.8799601787637694 |              700000000.0 | 1.0099328289030269e-18 |  3.386948729062026e-19 |
|     6.52 |     1.0 |     0.8 |           9.25 |        0.02 |      3.343094477588703 |       1244795587.0272458 |  1.795942755160616e-18 |  6.022941187748501e-19 |
|     6.52 |     1.0 |     0.8 |            9.5 |        0.02 |       5.94495607531082 |       2213594362.1178656 | 3.1936880231106966e-18 | 1.0710472302048533e-18 |
|     6.52 |     1.0 |     0.8 |           9.75 |        0.02 |     10.571792982311036 |        3936389276.332443 |  5.679269653585666e-18 |  1.904621236652509e-18 |
|     6.52 |     1.0 |     0.8 |           10.0 |        0.02 |      18.79960178763769 |             7000000000.0 | 1.0099328289030273e-17 |  3.386948729062026e-18 |
|     6.52 |     1.0 |     0.8 |          10.25 |        0.02 |     33.430944775887035 |       12447955870.272459 | 1.7959427551606145e-17 |  6.022941187748496e-18 |
|     6.52 |     1.0 |     0.8 |           10.5 |        0.02 |      59.44956075310821 |       22135943621.178654 | 3.1936880231106985e-17 | 1.0710472302048533e-17 |
|     6.52 |     1.0 |     0.8 |          10.75 |        0.02 |     105.71792982311035 |        39363892763.32443 |  5.679269653585664e-17 | 1.9046212366525087e-17 |
|     6.52 |     1.0 |     0.8 |           11.0 |        0.02 |     187.99601787637695 |            70000000000.0 | 1.0099328289030272e-16 | 3.3869487290620263e-17 |
|     6.52 |     1.0 |     0.8 |          11.25 |        0.02 |     334.30944775887036 |       124479558702.72458 | 1.7959427551606163e-16 |  6.022941187748501e-17 |
|     6.52 |     1.0 |     1.0 |            8.0 |        0.02 |    0.13922111911773338 |               70000000.0 |                    nan |                    nan |
|     6.52 |     1.0 |     1.0 |           8.25 |        0.02 |     0.2475740495696415 |       124479558.70272458 |                    nan |                    nan |
|     6.52 |     1.0 |     1.0 |            8.5 |        0.02 |     0.4402558348096492 |       221359436.21178657 |                    nan |                    nan |
|     6.52 |     1.0 |     1.0 |           8.75 |        0.02 |     0.7828978861914964 |       393638927.63324434 |                    nan |                    nan |
|     6.52 |     1.0 |     1.0 |            9.0 |        0.02 |     1.3922111911773338 |              700000000.0 |                    nan |                    nan |
|     6.52 |     1.0 |     1.0 |           9.25 |        0.02 |      2.475740495696415 |       1244795587.0272458 |                    nan |                    nan |
|     6.52 |     1.0 |     1.0 |            9.5 |        0.02 |      4.402558348096492 |       2213594362.1178656 |                    nan |                    nan |
|     6.52 |     1.0 |     1.0 |           9.75 |        0.02 |      7.828978861914964 |        3936389276.332443 |                    nan |                    nan |
|     6.52 |     1.0 |     1.0 |           10.0 |        0.02 |     13.922111911773339 |             7000000000.0 |                    nan |                    nan |
|     6.52 |     1.0 |     1.0 |          10.25 |        0.02 |      24.75740495696415 |       12447955870.272459 |                    nan |                    nan |
|     6.52 |     1.0 |     1.0 |           10.5 |        0.02 |      44.02558348096491 |       22135943621.178654 |                    nan |                    nan |
|     6.52 |     1.0 |     1.0 |          10.75 |        0.02 |      78.28978861914963 |        39363892763.32443 |                    nan |                    nan |
|     6.52 |     1.0 |     1.0 |           11.0 |        0.02 |     139.22111911773337 |            70000000000.0 |                    nan |                    nan |
|     6.52 |     1.0 |     1.0 |          11.25 |        0.02 |     247.57404956964152 |       124479558702.72458 |                    nan |                    nan |
|     6.52 |     3.0 |    0.01 |            8.0 |        0.02 |     19.977783952545465 |               70000000.0 |  7.591126235888235e-18 |  2.626414672231024e-18 |
|     6.52 |     3.0 |    0.01 |           8.25 |        0.02 |      35.52608186101761 |       124479558.70272458 |  1.349914348428633e-17 |  4.670499133852559e-18 |
|     6.52 |     3.0 |    0.01 |            8.5 |        0.02 |      63.17529989280488 |       221359436.21178657 | 2.4005248911267432e-17 |  8.305452444334622e-18 |
|     6.52 |     3.0 |    0.01 |           8.75 |        0.02 |     112.34333502240908 |       393638927.63324434 | 4.2688039871766196e-17 | 1.4769415072817715e-17 |
|     6.52 |     3.0 |    0.01 |            9.0 |        0.02 |     199.77783952545468 |              700000000.0 |   7.59112623588823e-17 | 2.6264146722310218e-17 |
|     6.52 |     3.0 |    0.01 |           9.25 |        0.02 |     355.26081861017605 |       1244795587.0272458 | 1.3499143484286319e-16 | 4.6704991338525546e-17 |
|     6.52 |     3.0 |    0.01 |            9.5 |        0.02 |      631.7529989280487 |       2213594362.1178656 | 2.4005248911267473e-16 |  8.305452444334634e-17 |
|     6.52 |     3.0 |    0.01 |           9.75 |        0.02 |     1123.4333502240909 |        3936389276.332443 |  4.268803987176618e-16 | 1.4769415072817707e-16 |
|     6.52 |     3.0 |    0.01 |           10.0 |        0.02 |     1997.7783952545465 |             7000000000.0 |  7.591126235888238e-16 | 2.6264146722310257e-16 |
|     6.52 |     3.0 |    0.01 |          10.25 |        0.02 |      3552.608186101761 |       12447955870.272459 |  1.349914348428633e-15 |   4.67049913385256e-16 |
|     6.52 |     3.0 |    0.01 |           10.5 |        0.02 |      6317.529989280486 |       22135943621.178654 | 2.4005248911267436e-15 |   8.30545244433462e-16 |
|     6.52 |     3.0 |    0.01 |          10.75 |        0.02 |     11234.333502240906 |        39363892763.32443 |  4.268803987176617e-15 | 1.4769415072817705e-15 |
|     6.52 |     3.0 |    0.01 |           11.0 |        0.02 |     19977.783952545466 |            70000000000.0 |  7.591126235888236e-15 |  2.626414672231024e-15 |
|     6.52 |     3.0 |    0.01 |          11.25 |        0.02 |      35526.08186101761 |       124479558702.72458 |  1.349914348428632e-14 |  4.670499133852556e-15 |
|     6.52 |     3.0 |     0.1 |            8.0 |        0.02 |     1.9778396429633662 |               70000000.0 | 1.0324289868765925e-18 | 3.4699592545119533e-19 |
|     6.52 |     3.0 |     0.1 |           8.25 |        0.02 |     3.5171515134404885 |       124479558.70272458 | 1.8359472096899905e-18 |  6.170557095972616e-19 |
|     6.52 |     3.0 |     0.1 |            8.5 |        0.02 |      6.254478118338457 |       221359436.21178657 | 3.2648271209101243e-18 | 1.0972974632237678e-18 |
|     6.52 |     3.0 |     0.1 |           8.75 |        0.02 |     11.122209658380264 |       393638927.63324434 |  5.805774846451131e-18 |  1.951301485538768e-18 |
|     6.52 |     3.0 |     0.1 |            9.0 |        0.02 |     19.778396429633663 |              700000000.0 | 1.0324289868765933e-17 |  3.469959254511954e-18 |
|     6.52 |     3.0 |     0.1 |           9.25 |        0.02 |      35.17151513440489 |       1244795587.0272458 | 1.8359472096899902e-17 |  6.170557095972617e-18 |
|     6.52 |     3.0 |     0.1 |            9.5 |        0.02 |     62.544781183384565 |       2213594362.1178656 | 3.2648271209101236e-17 | 1.0972974632237676e-17 |
|     6.52 |     3.0 |     0.1 |           9.75 |        0.02 |     111.22209658380264 |        3936389276.332443 |  5.805774846451129e-17 | 1.9513014855387678e-17 |
|     6.52 |     3.0 |     0.1 |           10.0 |        0.02 |     197.78396429633665 |             7000000000.0 | 1.0324289868765933e-16 |  3.469959254511955e-17 |
|     6.52 |     3.0 |     0.1 |          10.25 |        0.02 |      351.7151513440489 |       12447955870.272459 | 1.8359472096899907e-16 |  6.170557095972619e-17 |
|     6.52 |     3.0 |     0.1 |           10.5 |        0.02 |      625.4478118338457 |       22135943621.178654 |  3.264827120910125e-16 | 1.0972974632237681e-16 |
|     6.52 |     3.0 |     0.1 |          10.75 |        0.02 |     1112.2209658380264 |        39363892763.32443 |  5.805774846451126e-16 | 1.9513014855387673e-16 |
|     6.52 |     3.0 |     0.1 |           11.0 |        0.02 |     1977.8396429633663 |            70000000000.0 | 1.0324289868765929e-15 | 3.4699592545119537e-16 |
|     6.52 |     3.0 |     0.1 |          11.25 |        0.02 |     3517.1515134404885 |       124479558702.72458 | 1.8359472096899918e-15 |   6.17055709597262e-16 |
|     6.52 |     3.0 |     0.2 |            8.0 |        0.02 |     0.9779017801680627 |               70000000.0 |  5.183500281487278e-19 |  1.740111443451022e-19 |
|     6.52 |     3.0 |     0.2 |           8.25 |        0.02 |     1.7389826007132747 |       124479558.70272458 |  9.217711822499786e-19 |  3.094404351062062e-19 |
|     6.52 |     3.0 |     0.2 |            8.5 |        0.02 |      3.092396953264354 |       221359436.21178657 | 1.6391667141623722e-18 |  5.502715543828519e-19 |
|     6.52 |     3.0 |     0.2 |           8.75 |        0.02 |      5.499145829657099 |       393638927.63324434 |  2.914896417416102e-18 |  9.785365750891386e-19 |
|     6.52 |     3.0 |     0.2 |            9.0 |        0.02 |      9.779017801680627 |              700000000.0 | 5.1835002814872764e-18 | 1.7401114434510224e-18 |
|     6.52 |     3.0 |     0.2 |           9.25 |        0.02 |     17.389826007132747 |       1244795587.0272458 |   9.21771182249979e-18 | 3.0944043510620635e-18 |
|     6.52 |     3.0 |     0.2 |            9.5 |        0.02 |     30.923969532643543 |       2213594362.1178656 |  1.639166714162371e-17 |  5.502715543828514e-18 |
|     6.52 |     3.0 |     0.2 |           9.75 |        0.02 |      54.99145829657098 |        3936389276.332443 | 2.9148964174161016e-17 |  9.785365750891383e-18 |
|     6.52 |     3.0 |     0.2 |           10.0 |        0.02 |      97.79017801680628 |             7000000000.0 |  5.183500281487277e-17 | 1.7401114434510224e-17 |
|     6.52 |     3.0 |     0.2 |          10.25 |        0.02 |      173.8982600713275 |       12447955870.272459 |  9.217711822499785e-17 |  3.094404351062062e-17 |
|     6.52 |     3.0 |     0.2 |           10.5 |        0.02 |      309.2396953264354 |       22135943621.178654 | 1.6391667141623722e-16 | 5.5027155438285176e-17 |
|     6.52 |     3.0 |     0.2 |          10.75 |        0.02 |      549.9145829657099 |        39363892763.32443 |  2.914896417416101e-16 |  9.785365750891384e-17 |
|     6.52 |     3.0 |     0.2 |           11.0 |        0.02 |      977.9017801680627 |            70000000000.0 |  5.183500281487279e-16 | 1.7401114434510225e-16 |
|     6.52 |     3.0 |     0.2 |          11.25 |        0.02 |      1738.982600713275 |       124479558702.72458 |  9.217711822499778e-16 | 3.0944043510620585e-16 |
|     6.52 |     3.0 |     0.3 |            8.0 |        0.02 |     0.6446308536643959 |               70000000.0 | 3.4343423994872423e-19 | 1.1524730177051453e-19 |
|     6.52 |     3.0 |     0.3 |           8.25 |        0.02 |     1.1463337741472093 |       124479558.70272458 |  6.107220376031833e-19 | 2.0494190380104829e-19 |
|     6.52 |     3.0 |     0.3 |            8.5 |        0.02 |     2.0385017475981915 |       221359436.21178657 | 1.0860344247267578e-18 | 3.6444396778358186e-19 |
|     6.52 |     3.0 |     0.3 |           8.75 |        0.02 |     3.6250256850822247 |       393638927.63324434 | 1.9312726560850597e-18 |  6.480832040224323e-19 |
|     6.52 |     3.0 |     0.3 |            9.0 |        0.02 |       6.44630853664396 |              700000000.0 |  3.434342399487242e-18 | 1.1524730177051454e-18 |
|     6.52 |     3.0 |     0.3 |           9.25 |        0.02 |     11.463337741472094 |       1244795587.0272458 | 6.1072203760318324e-18 |  2.049419038010483e-18 |
|     6.52 |     3.0 |     0.3 |            9.5 |        0.02 |      20.38501747598191 |       2213594362.1178656 | 1.0860344247267578e-17 |  3.644439677835818e-18 |
|     6.52 |     3.0 |     0.3 |           9.75 |        0.02 |     36.250256850822254 |        3936389276.332443 | 1.9312726560850595e-17 |  6.480832040224321e-18 |
|     6.52 |     3.0 |     0.3 |           10.0 |        0.02 |       64.4630853664396 |             7000000000.0 | 3.4343423994872446e-17 | 1.1524730177051459e-17 |
|     6.52 |     3.0 |     0.3 |          10.25 |        0.02 |     114.63337741472095 |       12447955870.272459 |  6.107220376031837e-17 |  2.049419038010484e-17 |
|     6.52 |     3.0 |     0.3 |           10.5 |        0.02 |      203.8501747598191 |       22135943621.178654 | 1.0860344247267578e-16 |  3.644439677835819e-17 |
|     6.52 |     3.0 |     0.3 |          10.75 |        0.02 |      362.5025685082224 |        39363892763.32443 | 1.9312726560850592e-16 |  6.480832040224319e-17 |
|     6.52 |     3.0 |     0.3 |           11.0 |        0.02 |       644.630853664396 |            70000000000.0 |  3.434342399487241e-16 |  1.152473017705145e-16 |
|     6.52 |     3.0 |     0.3 |          11.25 |        0.02 |     1146.3337741472092 |       124479558702.72458 |  6.107220376031828e-16 | 2.0494190380104814e-16 |
|     6.52 |     3.0 |     0.4 |            8.0 |        0.02 |      0.478026860984229 |               70000000.0 | 2.5531874929746577e-19 |   8.56617832656507e-20 |
|     6.52 |     3.0 |     0.4 |           8.25 |        0.02 |     0.8500653243337928 |       124479558.70272458 |  4.540280748725729e-19 | 1.5233058540852337e-19 |
|     6.52 |     3.0 |     0.4 |            8.5 |        0.02 |     1.5116536634508428 |       221359436.21178657 |  8.073887771255077e-19 | 2.7088634355115295e-19 |
|     6.52 |     3.0 |     0.4 |           8.75 |        0.02 |     2.6881425848245417 |       393638927.63324434 | 1.4357628382587942e-18 |  4.817116071977448e-19 |
|     6.52 |     3.0 |     0.4 |            9.0 |        0.02 |       4.78026860984229 |              700000000.0 |  2.553187492974658e-18 |   8.56617832656507e-19 |
|     6.52 |     3.0 |     0.4 |           9.25 |        0.02 |       8.50065324333793 |       1244795587.0272458 |   4.54028074872573e-18 | 1.5233058540852332e-18 |
|     6.52 |     3.0 |     0.4 |            9.5 |        0.02 |     15.116536634508428 |       2213594362.1178656 |   8.07388777125508e-18 | 2.7088634355115296e-18 |
|     6.52 |     3.0 |     0.4 |           9.75 |        0.02 |     26.881425848245414 |        3936389276.332443 | 1.4357628382587943e-17 |  4.817116071977449e-18 |
|     6.52 |     3.0 |     0.4 |           10.0 |        0.02 |       47.8026860984229 |             7000000000.0 | 2.5531874929746587e-17 |  8.566178326565071e-18 |
|     6.52 |     3.0 |     0.4 |          10.25 |        0.02 |       85.0065324333793 |       12447955870.272459 | 4.5402807487257304e-17 | 1.5233058540852338e-17 |
|     6.52 |     3.0 |     0.4 |           10.5 |        0.02 |      151.1653663450843 |       22135943621.178654 |  8.073887771255074e-17 |  2.708863435511528e-17 |
|     6.52 |     3.0 |     0.4 |          10.75 |        0.02 |      268.8142584824541 |        39363892763.32443 | 1.4357628382587938e-16 | 4.8171160719774454e-17 |
|     6.52 |     3.0 |     0.4 |           11.0 |        0.02 |       478.026860984229 |            70000000000.0 | 2.5531874929746587e-16 |  8.566178326565073e-17 |
|     6.52 |     3.0 |     0.4 |          11.25 |        0.02 |       850.065324333793 |       124479558702.72458 |  4.540280748725731e-16 | 1.5233058540852337e-16 |
|     6.52 |     3.0 |     0.5 |            8.0 |        0.02 |     0.3780897995870824 |               70000000.0 | 2.0224679829156228e-19 |  6.784792778440706e-20 |
|     6.52 |     3.0 |     0.5 |           8.25 |        0.02 |     0.6723493057514515 |       124479558.70272458 | 3.5965131714818034e-19 | 1.2065257299281884e-19 |
|     6.52 |     3.0 |     0.5 |            8.5 |        0.02 |     1.1956249267717705 |       221359436.21178657 |   6.39560532077988e-19 | 2.1455398632134808e-19 |
|     6.52 |     3.0 |     0.5 |           8.75 |        0.02 |     2.1261551894075343 |       393638927.63324434 | 1.1373173256678225e-18 |  3.815369362170254e-19 |
|     6.52 |     3.0 |     0.5 |            9.0 |        0.02 |      3.780897995870824 |              700000000.0 | 2.0224679829156232e-18 |  6.784792778440711e-19 |
|     6.52 |     3.0 |     0.5 |           9.25 |        0.02 |     6.7234930575145135 |       1244795587.0272458 |  3.596513171481803e-18 | 1.2065257299281883e-18 |
|     6.52 |     3.0 |     0.5 |            9.5 |        0.02 |     11.956249267717705 |       2213594362.1178656 |  6.395605320779875e-18 | 2.1455398632134785e-18 |
|     6.52 |     3.0 |     0.5 |           9.75 |        0.02 |     21.261551894075343 |        3936389276.332443 | 1.1373173256678238e-17 |  3.815369362170259e-18 |
|     6.52 |     3.0 |     0.5 |           10.0 |        0.02 |     37.808979958708235 |             7000000000.0 | 2.0224679829156215e-17 |  6.784792778440705e-18 |
|     6.52 |     3.0 |     0.5 |          10.25 |        0.02 |      67.23493057514514 |       12447955870.272459 |  3.596513171481801e-17 | 1.2065257299281875e-17 |
|     6.52 |     3.0 |     0.5 |           10.5 |        0.02 |     119.56249267717705 |       22135943621.178654 |  6.395605320779872e-17 | 2.1455398632134774e-17 |
|     6.52 |     3.0 |     0.5 |          10.75 |        0.02 |     212.61551894075342 |        39363892763.32443 | 1.1373173256678234e-16 | 3.8153693621702567e-17 |
|     6.52 |     3.0 |     0.5 |           11.0 |        0.02 |      378.0897995870824 |            70000000000.0 |  2.022467982915623e-16 |  6.784792778440707e-17 |
|     6.52 |     3.0 |     0.5 |          11.25 |        0.02 |      672.3493057514514 |       124479558702.72458 | 3.5965131714818036e-16 | 1.2065257299281884e-16 |
|     6.52 |     3.0 |     0.8 |            8.0 |        0.02 |     0.2282801766007249 |               70000000.0 | 1.2238865762020338e-19 | 4.1050851438149176e-20 |
|     6.52 |     3.0 |     0.8 |           8.25 |        0.02 |    0.40594593776911814 |       124479558.70272458 | 2.1764122986831086e-19 |  7.299988387702732e-20 |
|     6.52 |     3.0 |     0.8 |            8.5 |        0.02 |     0.7218853027237648 |       221359436.21178657 |  3.870269178503652e-19 | 1.2981419043375002e-19 |
|     6.52 |     3.0 |     0.8 |           8.75 |        0.02 |     1.2837137702433858 |       393638927.63324434 |    6.8824199914413e-19 |  2.308459019792094e-19 |
|     6.52 |     3.0 |     0.8 |            9.0 |        0.02 |      2.282801766007249 |              700000000.0 | 1.2238865762020334e-18 |  4.105085143814917e-19 |
|     6.52 |     3.0 |     0.8 |           9.25 |        0.02 |      4.059459377691182 |       1244795587.0272458 | 2.1764122986831094e-18 |  7.299988387702741e-19 |
|     6.52 |     3.0 |     0.8 |            9.5 |        0.02 |      7.218853027237647 |       2213594362.1178656 |  3.870269178503652e-18 | 1.2981419043375002e-18 |
|     6.52 |     3.0 |     0.8 |           9.75 |        0.02 |     12.837137702433857 |        3936389276.332443 |  6.882419991441306e-18 |  2.308459019792095e-18 |
|     6.52 |     3.0 |     0.8 |           10.0 |        0.02 |      22.82801766007249 |             7000000000.0 | 1.2238865762020323e-17 |  4.105085143814914e-18 |
|     6.52 |     3.0 |     0.8 |          10.25 |        0.02 |      40.59459377691182 |       12447955870.272459 | 2.1764122986831085e-17 |  7.299988387702736e-18 |
|     6.52 |     3.0 |     0.8 |           10.5 |        0.02 |      72.18853027237647 |       22135943621.178654 | 3.8702691785036516e-17 | 1.2981419043375002e-17 |
|     6.52 |     3.0 |     0.8 |          10.75 |        0.02 |     128.37137702433856 |        39363892763.32443 |  6.882419991441303e-17 |  2.308459019792095e-17 |
|     6.52 |     3.0 |     0.8 |           11.0 |        0.02 |     228.28017660072487 |            70000000000.0 | 1.2238865762020334e-16 |  4.105085143814918e-17 |
|     6.52 |     3.0 |     0.8 |          11.25 |        0.02 |     405.94593776911825 |       124479558702.72458 | 2.1764122986831084e-16 |  7.299988387702736e-17 |
|     6.52 |     3.0 |     1.0 |            8.0 |        0.02 |     0.1784083678551618 |               70000000.0 |                    nan |                    nan |
|     6.52 |     3.0 |     1.0 |           8.25 |        0.02 |    0.31725992713548423 |       124479558.70272458 |                    nan |                    nan |
|     6.52 |     3.0 |     1.0 |            8.5 |        0.02 |     0.5641767960554804 |       221359436.21178657 |                    nan |                    nan |
|     6.52 |     3.0 |     1.0 |           8.75 |        0.02 |     1.0032639800471896 |       393638927.63324434 |                    nan |                    nan |
|     6.52 |     3.0 |     1.0 |            9.0 |        0.02 |     1.7840836785516176 |              700000000.0 |                    nan |                    nan |
|     6.52 |     3.0 |     1.0 |           9.25 |        0.02 |     3.1725992713548425 |       1244795587.0272458 |                    nan |                    nan |
|     6.52 |     3.0 |     1.0 |            9.5 |        0.02 |      5.641767960554805 |       2213594362.1178656 |                    nan |                    nan |
|     6.52 |     3.0 |     1.0 |           9.75 |        0.02 |     10.032639800471895 |        3936389276.332443 |                    nan |                    nan |
|     6.52 |     3.0 |     1.0 |           10.0 |        0.02 |     17.840836785516178 |             7000000000.0 |                    nan |                    nan |
|     6.52 |     3.0 |     1.0 |          10.25 |        0.02 |      31.72599271354842 |       12447955870.272459 |                    nan |                    nan |
|     6.52 |     3.0 |     1.0 |           10.5 |        0.02 |      56.41767960554805 |       22135943621.178654 |                    nan |                    nan |
|     6.52 |     3.0 |     1.0 |          10.75 |        0.02 |     100.32639800471894 |        39363892763.32443 |                    nan |                    nan |
|     6.52 |     3.0 |     1.0 |           11.0 |        0.02 |     178.40836785516177 |            70000000000.0 |                    nan |                    nan |
|     6.52 |     3.0 |     1.0 |          11.25 |        0.02 |      317.2599271354842 |       124479558702.72458 |                    nan |                    nan |
