| redshift | tau_gyr | age_gyr | log_massformed | metallicity |   sfr_inst_msun_per_yr | stellar_mass_living_msun |  halpha_flux_erg_s_cm2 |    oiii_flux_erg_s_cm2 |
|     5.38 |     0.1 |    0.01 |            8.0 |        0.02 |     19.338925609931877 |               70000000.0 | 1.1759879503579668e-17 |  4.065230131840677e-18 |
|     5.38 |     0.1 |    0.01 |           8.25 |        0.02 |      34.39001322441627 |       124479558.70272458 | 2.0912351585754475e-17 |  7.229115040522091e-18 |
|     5.38 |     0.1 |    0.01 |            8.5 |        0.02 |      61.15505242794573 |       221359436.21178657 |  3.718800424044201e-17 | 1.2855386429363133e-17 |
|     5.38 |     0.1 |    0.01 |           8.75 |        0.02 |     108.75077055246673 |       393638927.63324434 |  6.613066224121817e-17 | 2.2860468995430243e-17 |
|     5.38 |     0.1 |    0.01 |            9.0 |        0.02 |      193.3892560993188 |              700000000.0 | 1.1759879503579673e-16 |   4.06523013184068e-17 |
|     5.38 |     0.1 |    0.01 |           9.25 |        0.02 |     343.90013224416276 |       1244795587.0272458 |  2.091235158575448e-16 |  7.229115040522093e-17 |
|     5.38 |     0.1 |    0.01 |            9.5 |        0.02 |      611.5505242794572 |       2213594362.1178656 |  3.718800424044199e-16 | 1.2855386429363132e-16 |
|     5.38 |     0.1 |    0.01 |           9.75 |        0.02 |     1087.5077055246672 |        3936389276.332443 | 6.6130662241218135e-16 | 2.2860468995430237e-16 |
|     5.38 |     0.1 |    0.01 |           10.0 |        0.02 |     1933.8925609931878 |             7000000000.0 | 1.1759879503579673e-15 |  4.065230131840679e-16 |
|     5.38 |     0.1 |    0.01 |          10.25 |        0.02 |     3439.0013224416275 |       12447955870.272459 | 2.0912351585754463e-15 |  7.229115040522087e-16 |
|     5.38 |     0.1 |    0.01 |           10.5 |        0.02 |      6115.505242794573 |       22135943621.178654 |  3.718800424044197e-15 | 1.2855386429363117e-15 |
|     5.38 |     0.1 |    0.01 |          10.75 |        0.02 |     10875.077055246671 |        39363892763.32443 |  6.613066224121816e-15 |  2.286046899543024e-15 |
|     5.38 |     0.1 |    0.01 |           11.0 |        0.02 |     19338.925609931877 |            70000000000.0 | 1.1759879503579666e-14 |  4.065230131840677e-15 |
|     5.38 |     0.1 |    0.01 |          11.25 |        0.02 |      34390.01322441628 |       124479558702.72458 | 2.0912351585754474e-14 |  7.229115040522091e-15 |
|     5.38 |     0.1 |     0.1 |            8.0 |        0.02 |     1.3922111911773336 |               70000000.0 | 1.1700471745250024e-18 |  3.924142186010667e-19 |
|     5.38 |     0.1 |     0.1 |           8.25 |        0.02 |      2.475740495696415 |       124479558.70272458 | 2.0806707992320315e-18 |  6.978221251447899e-19 |
|     5.38 |     0.1 |     0.1 |            8.5 |        0.02 |      4.402558348096492 |       221359436.21178657 | 3.7000140413435495e-18 |  1.240922717014584e-18 |
|     5.38 |     0.1 |     0.1 |           8.75 |        0.02 |      7.828978861914962 |       393638927.63324434 |  6.579658786576137e-18 |  2.206707317116592e-18 |
|     5.38 |     0.1 |     0.1 |            9.0 |        0.02 |     13.922111911773339 |              700000000.0 | 1.1700471745250033e-17 |  3.924142186010669e-18 |
|     5.38 |     0.1 |     0.1 |           9.25 |        0.02 |     24.757404956964145 |       1244795587.0272458 |   2.08067079923203e-17 |  6.978221251447895e-18 |
|     5.38 |     0.1 |     0.1 |            9.5 |        0.02 |     44.025583480964904 |       2213594362.1178656 |  3.700014041343552e-17 | 1.2409227170145849e-17 |
|     5.38 |     0.1 |     0.1 |           9.75 |        0.02 |      78.28978861914963 |        3936389276.332443 |  6.579658786576138e-17 | 2.2067073171165925e-17 |
|     5.38 |     0.1 |     0.1 |           10.0 |        0.02 |     139.22111911773337 |             7000000000.0 | 1.1700471745250029e-16 |  3.924142186010667e-17 |
|     5.38 |     0.1 |     0.1 |          10.25 |        0.02 |     247.57404956964152 |       12447955870.272459 | 2.0806707992320302e-16 |  6.978221251447898e-17 |
|     5.38 |     0.1 |     0.1 |           10.5 |        0.02 |     440.25583480964906 |       22135943621.178654 |   3.70001404134355e-16 | 1.2409227170145844e-16 |
|     5.38 |     0.1 |     0.1 |          10.75 |        0.02 |      782.8978861914962 |        39363892763.32443 |  6.579658786576132e-16 | 2.2067073171165906e-16 |
|     5.38 |     0.1 |     0.1 |           11.0 |        0.02 |     1392.2111911773338 |            70000000000.0 |  1.170047174525003e-15 | 3.9241421860106684e-16 |
|     5.38 |     0.1 |     0.1 |          11.25 |        0.02 |     2475.7404956964147 |       124479558702.72458 | 2.0806707992320315e-15 |  6.978221251447899e-16 |
|     5.38 |     0.1 |     0.2 |            8.0 |        0.02 |     0.4556788418556052 |               70000000.0 |  3.889764508788336e-19 | 1.3029698857903652e-19 |
|     5.38 |     0.1 |     0.2 |           8.25 |        0.02 |     0.8103243020622052 |       124479558.70272458 |  6.917088135878463e-19 | 2.3170445198017727e-19 |
|     5.38 |     0.1 |     0.2 |            8.5 |        0.02 |     1.4409830218113802 |       221359436.21178657 | 1.2300515409457189e-18 |  4.120352561707018e-19 |
|     5.38 |     0.1 |     0.2 |           8.75 |        0.02 |     2.5624704379028453 |       393638927.63324434 | 2.1873753285504196e-18 |  7.327138122584715e-19 |
|     5.38 |     0.1 |     0.2 |            9.0 |        0.02 |      4.556788418556052 |              700000000.0 |  3.889764508788336e-18 |  1.302969885790365e-18 |
|     5.38 |     0.1 |     0.2 |           9.25 |        0.02 |      8.103243020622052 |       1244795587.0272458 |  6.917088135878456e-18 |  2.317044519801772e-18 |
|     5.38 |     0.1 |     0.2 |            9.5 |        0.02 |     14.409830218113802 |       2213594362.1178656 | 1.2300515409457192e-17 | 4.1203525617070174e-18 |
|     5.38 |     0.1 |     0.2 |           9.75 |        0.02 |     25.624704379028454 |        3936389276.332443 |  2.187375328550421e-17 |  7.327138122584718e-18 |
|     5.38 |     0.1 |     0.2 |           10.0 |        0.02 |     45.567884185560516 |             7000000000.0 |  3.889764508788333e-17 | 1.3029698857903642e-17 |
|     5.38 |     0.1 |     0.2 |          10.25 |        0.02 |      81.03243020622054 |       12447955870.272459 |  6.917088135878456e-17 | 2.3170445198017713e-17 |
|     5.38 |     0.1 |     0.2 |           10.5 |        0.02 |       144.098302181138 |       22135943621.178654 |  1.230051540945718e-16 | 4.1203525617070145e-17 |
|     5.38 |     0.1 |     0.2 |          10.75 |        0.02 |     256.24704379028447 |        39363892763.32443 |  2.187375328550421e-16 |  7.327138122584718e-17 |
|     5.38 |     0.1 |     0.2 |           11.0 |        0.02 |      455.6788418556052 |            70000000000.0 |  3.889764508788334e-16 | 1.3029698857903643e-16 |
|     5.38 |     0.1 |     0.2 |          11.25 |        0.02 |      810.3243020622052 |       124479558702.72458 |   6.91708813587846e-16 | 2.3170445198017723e-16 |
|     5.38 |     0.1 |     0.3 |            8.0 |        0.02 |    0.18650294449763954 |               70000000.0 |  1.600279106115386e-19 |  5.358380268007861e-20 |
|     5.38 |     0.1 |     0.3 |           8.25 |        0.02 |     0.3316543461117844 |       124479558.70272458 |  2.845743384720483e-19 |  9.528697301757221e-20 |
|     5.38 |     0.1 |     0.3 |            8.5 |        0.02 |     0.5897740949405087 |       221359436.21178657 |   5.06052686730291e-19 | 1.6944686216208314e-19 |
|     5.38 |     0.1 |     0.3 |           8.75 |        0.02 |     1.0487831296070476 |       393638927.63324434 |  8.999030732073536e-19 | 3.0132386607853584e-19 |
|     5.38 |     0.1 |     0.3 |            9.0 |        0.02 |     1.8650294449763956 |              700000000.0 | 1.6002791061153866e-18 |  5.358380268007862e-19 |
|     5.38 |     0.1 |     0.3 |           9.25 |        0.02 |     3.3165434611178437 |       1244795587.0272458 | 2.8457433847204812e-18 |  9.528697301757218e-19 |
|     5.38 |     0.1 |     0.3 |            9.5 |        0.02 |      5.897740949405087 |       2213594362.1178656 |   5.06052686730291e-18 | 1.6944686216208311e-18 |
|     5.38 |     0.1 |     0.3 |           9.75 |        0.02 |     10.487831296070476 |        3936389276.332443 |  8.999030732073542e-18 |  3.013238660785361e-18 |
|     5.38 |     0.1 |     0.3 |           10.0 |        0.02 |     18.650294449763955 |             7000000000.0 | 1.6002791061153862e-17 | 5.3583802680078625e-18 |
|     5.38 |     0.1 |     0.3 |          10.25 |        0.02 |      33.16543461117844 |       12447955870.272459 |  2.845743384720484e-17 |  9.528697301757225e-18 |
|     5.38 |     0.1 |     0.3 |           10.5 |        0.02 |      58.97740949405087 |       22135943621.178654 |   5.06052686730291e-17 |  1.694468621620832e-17 |
|     5.38 |     0.1 |     0.3 |          10.75 |        0.02 |     104.87831296070473 |        39363892763.32443 |  8.999030732073536e-17 |  3.013238660785359e-17 |
|     5.38 |     0.1 |     0.3 |           11.0 |        0.02 |     186.50294449763956 |            70000000000.0 | 1.6002791061153857e-16 | 5.3583802680078585e-17 |
|     5.38 |     0.1 |     0.3 |          11.25 |        0.02 |     331.65434611178443 |       124479558702.72458 |  2.845743384720484e-16 |  9.528697301757221e-17 |
|     5.38 |     0.1 |     0.4 |            8.0 |        0.02 |    0.08064816928306753 |               70000000.0 |  6.937765752201925e-20 | 2.3225840098990158e-20 |
|     5.38 |     0.1 |     0.4 |           8.25 |        0.02 |    0.14341497889341254 |       124479558.70272458 | 1.2337285988813874e-19 | 4.1302033228890544e-20 |
|     5.38 |     0.1 |     0.4 |            8.5 |        0.02 |    0.25503190405732223 |       221359436.21178657 |  2.193914164966941e-19 |   7.34465552836795e-20 |
|     5.38 |     0.1 |     0.4 |           8.75 |        0.02 |    0.45351798388815806 |       393638927.63324434 | 3.9013923869534503e-19 | 1.3060849699925277e-19 |
|     5.38 |     0.1 |     0.4 |            9.0 |        0.02 |     0.8064816928306755 |              700000000.0 |  6.937765752201919e-19 | 2.3225840098990153e-19 |
|     5.38 |     0.1 |     0.4 |           9.25 |        0.02 |     1.4341497889341253 |       1244795587.0272458 | 1.2337285988813872e-18 | 4.1302033228890557e-19 |
|     5.38 |     0.1 |     0.4 |            9.5 |        0.02 |      2.550319040573222 |       2213594362.1178656 | 2.1939141649669415e-18 |  7.344655528367951e-19 |
|     5.38 |     0.1 |     0.4 |           9.75 |        0.02 |      4.535179838881581 |        3936389276.332443 | 3.9013923869534494e-18 | 1.3060849699925279e-18 |
|     5.38 |     0.1 |     0.4 |           10.0 |        0.02 |      8.064816928306755 |             7000000000.0 | 6.9377657522019176e-18 | 2.3225840098990145e-18 |
|     5.38 |     0.1 |     0.4 |          10.25 |        0.02 |     14.341497889341253 |       12447955870.272459 | 1.2337285988813873e-17 |  4.130203322889056e-18 |
|     5.38 |     0.1 |     0.4 |           10.5 |        0.02 |     25.503190405732223 |       22135943621.178654 | 2.1939141649669407e-17 |  7.344655528367948e-18 |
|     5.38 |     0.1 |     0.4 |          10.75 |        0.02 |       45.3517983888158 |        39363892763.32443 |  3.901392386953446e-17 | 1.3060849699925266e-17 |
|     5.38 |     0.1 |     0.4 |           11.0 |        0.02 |      80.64816928306755 |            70000000000.0 |  6.937765752201921e-17 |  2.322584009899016e-17 |
|     5.38 |     0.1 |     0.4 |          11.25 |        0.02 |     143.41497889341252 |       124479558702.72458 | 1.2337285988813868e-16 |  4.130203322889053e-17 |
|     5.38 |     0.1 |     0.5 |            8.0 |        0.02 |    0.03510911513730711 |               70000000.0 |  3.024793854847695e-20 |  1.012502692631072e-20 |
|     5.38 |     0.1 |     0.5 |           8.25 |        0.02 |    0.06243381655335912 |       124479558.70272458 |  5.378928631687915e-20 |  1.800512690914802e-20 |
|     5.38 |     0.1 |     0.5 |            8.5 |        0.02 |     0.1110247704669858 |       221359436.21178657 |  9.565238033799455e-20 | 3.2018146457675695e-20 |
|     5.38 |     0.1 |     0.5 |           8.75 |        0.02 |    0.19743306332573832 |       393638927.63324434 | 1.7009665847626768e-19 |  5.693721059329539e-20 |
|     5.38 |     0.1 |     0.5 |            9.0 |        0.02 |     0.3510911513730712 |              700000000.0 | 3.0247938548476934e-19 | 1.0125026926310715e-19 |
|     5.38 |     0.1 |     0.5 |           9.25 |        0.02 |     0.6243381655335911 |       1244795587.0272458 |  5.378928631687916e-19 | 1.8005126909148029e-19 |
|     5.38 |     0.1 |     0.5 |            9.5 |        0.02 |      1.110247704669858 |       2213594362.1178656 |   9.56523803379945e-19 | 3.2018146457675675e-19 |
|     5.38 |     0.1 |     0.5 |           9.75 |        0.02 |     1.9743306332573831 |        3936389276.332443 |  1.700966584762676e-18 |  5.693721059329536e-19 |
|     5.38 |     0.1 |     0.5 |           10.0 |        0.02 |      3.510911513730712 |             7000000000.0 |  3.024793854847691e-18 | 1.0125026926310708e-18 |
|     5.38 |     0.1 |     0.5 |          10.25 |        0.02 |      6.243381655335912 |       12447955870.272459 |  5.378928631687915e-18 |  1.800512690914803e-18 |
|     5.38 |     0.1 |     0.5 |           10.5 |        0.02 |      11.10247704669858 |       22135943621.178654 |  9.565238033799455e-18 |  3.201814645767569e-18 |
|     5.38 |     0.1 |     0.5 |          10.75 |        0.02 |      19.74330633257383 |        39363892763.32443 |  1.700966584762675e-17 |  5.693721059329531e-18 |
|     5.38 |     0.1 |     0.5 |           11.0 |        0.02 |      35.10911513730712 |            70000000000.0 | 3.0247938548476934e-17 | 1.0125026926310713e-17 |
|     5.38 |     0.1 |     0.5 |          11.25 |        0.02 |     62.433816553359115 |       124479558702.72458 |  5.378928631687914e-17 | 1.8005126909148024e-17 |
|     5.38 |     0.1 |     0.8 |            8.0 |        0.02 |   0.002691828092752804 |               70000000.0 |  2.324498912421061e-21 |  7.779522544403856e-22 |
|     5.38 |     0.1 |     0.8 |           8.25 |        0.02 |   0.004786822472706654 |       124479558.70272458 |  4.133608554616245e-21 | 1.3834164760646995e-21 |
|     5.38 |     0.1 |     0.8 |            8.5 |        0.02 |    0.00851230784272585 |       221359436.21178657 |  7.350710981834821e-21 | 2.4601010348944597e-21 |
|     5.38 |     0.1 |     0.8 |           8.75 |        0.02 |   0.015137261768632218 |       393638927.63324434 | 1.3071617988143859e-20 |  4.374747016968263e-21 |
|     5.38 |     0.1 |     0.8 |            9.0 |        0.02 |   0.026918280927528043 |              700000000.0 |  2.324498912421063e-20 |  7.779522544403861e-21 |
|     5.38 |     0.1 |     0.8 |           9.25 |        0.02 |   0.047868224727066554 |       1244795587.0272458 | 4.1336085546162445e-20 | 1.3834164760646992e-20 |
|     5.38 |     0.1 |     0.8 |            9.5 |        0.02 |    0.08512307842725848 |       2213594362.1178656 |  7.350710981834816e-20 | 2.4601010348944585e-20 |
|     5.38 |     0.1 |     0.8 |           9.75 |        0.02 |    0.15137261768632215 |        3936389276.332443 | 1.3071617988143858e-19 | 4.3747470169682645e-20 |
|     5.38 |     0.1 |     0.8 |           10.0 |        0.02 |    0.26918280927528043 |             7000000000.0 | 2.3244989124210623e-19 |  7.779522544403861e-20 |
|     5.38 |     0.1 |     0.8 |          10.25 |        0.02 |     0.4786822472706656 |       12447955870.272459 | 4.1336085546162453e-19 |  1.383416476064699e-19 |
|     5.38 |     0.1 |     0.8 |           10.5 |        0.02 |     0.8512307842725848 |       22135943621.178654 |  7.350710981834829e-19 |  2.460101034894462e-19 |
|     5.38 |     0.1 |     0.8 |          10.75 |        0.02 |      1.513726176863222 |        39363892763.32443 | 1.3071617988143857e-18 |  4.374747016968264e-19 |
|     5.38 |     0.1 |     0.8 |           11.0 |        0.02 |     2.6918280927528038 |            70000000000.0 | 2.3244989124210625e-18 |  7.779522544403859e-19 |
|     5.38 |     0.1 |     0.8 |          11.25 |        0.02 |      4.786822472706655 |       124479558702.72458 | 4.1336085546162445e-18 | 1.3834164760646995e-18 |
|     5.38 |     0.1 |     1.0 |            8.0 |        0.02 | 0.00045422613780712835 |               70000000.0 | 3.9265724980421265e-22 | 1.3140493910679382e-22 |
|     5.38 |     0.1 |     1.0 |           8.25 |        0.02 |  0.0008077409883639189 |       124479558.70272458 |  6.982543025293416e-22 |    2.3367469759103e-22 |
|     5.38 |     0.1 |     1.0 |            8.5 |        0.02 |   0.001436389168252046 |       221359436.21178657 | 1.2416912491590166e-21 |  4.155389033732003e-22 |
|     5.38 |     0.1 |     1.0 |           8.75 |        0.02 |  0.0025543012827055475 |       393638927.63324434 | 2.2080739820049887e-21 |  7.389442759387156e-22 |
|     5.38 |     0.1 |     1.0 |            9.0 |        0.02 |   0.004542261378071284 |              700000000.0 |  3.926572498042127e-21 | 1.3140493910679381e-21 |
|     5.38 |     0.1 |     1.0 |           9.25 |        0.02 |   0.008077409883639189 |       1244795587.0272458 |  6.982543025293416e-21 | 2.3367469759103003e-21 |
|     5.38 |     0.1 |     1.0 |            9.5 |        0.02 |    0.01436389168252046 |       2213594362.1178656 | 1.2416912491590167e-20 |  4.155389033732004e-21 |
|     5.38 |     0.1 |     1.0 |           9.75 |        0.02 |   0.025543012827055473 |        3936389276.332443 | 2.2080739820049885e-20 |  7.389442759387158e-21 |
|     5.38 |     0.1 |     1.0 |           10.0 |        0.02 |    0.04542261378071284 |             7000000000.0 | 3.9265724980421254e-20 | 1.3140493910679379e-20 |
|     5.38 |     0.1 |     1.0 |          10.25 |        0.02 |    0.08077409883639187 |       12447955870.272459 |  6.982543025293411e-20 | 2.3367469759102988e-20 |
|     5.38 |     0.1 |     1.0 |           10.5 |        0.02 |    0.14363891682520458 |       22135943621.178654 | 1.2416912491590158e-19 | 4.1553890337320014e-20 |
|     5.38 |     0.1 |     1.0 |          10.75 |        0.02 |    0.25543012827055467 |        39363892763.32443 | 2.2080739820049886e-19 |  7.389442759387157e-20 |
|     5.38 |     0.1 |     1.0 |           11.0 |        0.02 |     0.4542261378071284 |            70000000000.0 |  3.926572498042127e-19 | 1.3140493910679382e-19 |
|     5.38 |     0.1 |     1.0 |          11.25 |        0.02 |     0.8077409883639188 |       124479558702.72458 |  6.982543025293411e-19 |  2.336746975910299e-19 |
|     5.38 |     0.3 |    0.01 |            8.0 |        0.02 |     19.778396429633663 |               70000000.0 | 1.1839146182784615e-17 |  4.095079130939557e-18 |
|     5.38 |     0.3 |    0.01 |           8.25 |        0.02 |      35.17151513440489 |       124479558.70272458 |   2.10533098892868e-17 |  7.282194901029901e-18 |
|     5.38 |     0.3 |    0.01 |            8.5 |        0.02 |      62.54478118338458 |       221359436.21178657 |  3.743866748928752e-17 | 1.2949777252391889e-17 |
|     5.38 |     0.3 |    0.01 |           8.75 |        0.02 |     111.22209658380265 |       393638927.63324434 |  6.657641153549355e-17 | 2.3028322252518897e-17 |
|     5.38 |     0.3 |    0.01 |            9.0 |        0.02 |     197.78396429633665 |              700000000.0 | 1.1839146182784603e-16 |  4.095079130939551e-17 |
|     5.38 |     0.3 |    0.01 |           9.25 |        0.02 |      351.7151513440489 |       1244795587.0272458 | 2.1053309889286767e-16 |  7.282194901029888e-17 |
|     5.38 |     0.3 |    0.01 |            9.5 |        0.02 |      625.4478118338457 |       2213594362.1178656 |  3.743866748928749e-16 | 1.2949777252391877e-16 |
|     5.38 |     0.3 |    0.01 |           9.75 |        0.02 |     1112.2209658380264 |        3936389276.332443 |  6.657641153549351e-16 |  2.302832225251888e-16 |
|     5.38 |     0.3 |    0.01 |           10.0 |        0.02 |     1977.8396429633665 |             7000000000.0 | 1.1839146182784607e-15 |  4.095079130939553e-16 |
|     5.38 |     0.3 |    0.01 |          10.25 |        0.02 |     3517.1515134404895 |       12447955870.272459 | 2.1053309889286753e-15 |  7.282194901029887e-16 |
|     5.38 |     0.3 |    0.01 |           10.5 |        0.02 |      6254.478118338457 |       22135943621.178654 |  3.743866748928751e-15 | 1.2949777252391887e-15 |
|     5.38 |     0.3 |    0.01 |          10.75 |        0.02 |     11122.209658380261 |        39363892763.32443 | 6.6576411535493554e-15 | 2.3028322252518896e-15 |
|     5.38 |     0.3 |    0.01 |           11.0 |        0.02 |     19778.396429633664 |            70000000000.0 | 1.1839146182784602e-14 |  4.095079130939553e-15 |
|     5.38 |     0.3 |    0.01 |          11.25 |        0.02 |     35171.515134404886 |       124479558702.72458 | 2.1053309889286786e-14 |  7.282194901029893e-15 |
|     5.38 |     0.3 |     0.1 |            8.0 |        0.02 |     1.7840836785516268 |               70000000.0 |   1.46980513042237e-18 |   4.93675187916337e-19 |
|     5.38 |     0.3 |     0.1 |           8.25 |        0.02 |     3.1725992713548576 |       124479558.70272458 |  2.613724200199673e-18 |  8.778924219187178e-19 |
|     5.38 |     0.3 |     0.1 |            8.5 |        0.02 |     5.6417679605548345 |       221359436.21178657 | 4.6479319287355326e-18 | 1.5611380181272596e-18 |
|     5.38 |     0.3 |     0.1 |           8.75 |        0.02 |     10.032639800471946 |       393638927.63324434 |  8.265321648132889e-18 |  2.776139593864673e-18 |
|     5.38 |     0.3 |     0.1 |            9.0 |        0.02 |      17.84083678551627 |              700000000.0 | 1.4698051304223695e-17 |  4.936751879163365e-18 |
|     5.38 |     0.3 |     0.1 |           9.25 |        0.02 |      31.72599271354858 |       1244795587.0272458 | 2.6137242001996765e-17 |  8.778924219187185e-18 |
|     5.38 |     0.3 |     0.1 |            9.5 |        0.02 |      56.41767960554834 |       2213594362.1178656 |  4.647931928735532e-17 |  1.561138018127259e-17 |
|     5.38 |     0.3 |     0.1 |           9.75 |        0.02 |     100.32639800471947 |        3936389276.332443 |  8.265321648132896e-17 |  2.776139593864676e-17 |
|     5.38 |     0.3 |     0.1 |           10.0 |        0.02 |     178.40836785516268 |             7000000000.0 |  1.469805130422369e-16 | 4.9367518791633655e-17 |
|     5.38 |     0.3 |     0.1 |          10.25 |        0.02 |     317.25992713548584 |       12447955870.272459 | 2.6137242001996745e-16 |  8.778924219187181e-17 |
|     5.38 |     0.3 |     0.1 |           10.5 |        0.02 |      564.1767960554832 |       22135943621.178654 |  4.647931928735534e-16 | 1.5611380181272593e-16 |
|     5.38 |     0.3 |     0.1 |          10.75 |        0.02 |     1003.2639800471945 |        39363892763.32443 |  8.265321648132893e-16 |  2.776139593864675e-16 |
|     5.38 |     0.3 |     0.1 |           11.0 |        0.02 |     1784.0836785516265 |            70000000000.0 |   1.46980513042237e-15 |  4.936751879163369e-16 |
|     5.38 |     0.3 |     0.1 |          11.25 |        0.02 |     3172.5992713548576 |       124479558702.72458 |  2.613724200199676e-15 |  8.778924219187183e-16 |
|     5.38 |     0.3 |     0.2 |            8.0 |        0.02 |      0.790636845368783 |               70000000.0 |  6.614761065165572e-19 | 2.2191124668671294e-19 |
|     5.38 |     0.3 |     0.2 |           8.25 |        0.02 |     1.4059732229374344 |       124479558.70272458 |  1.176289340451108e-18 |  3.946202008390501e-19 |
|     5.38 |     0.3 |     0.2 |            8.5 |        0.02 |      2.500213233415704 |       221359436.21178657 | 2.0917711143724693e-18 |  7.017449779375072e-19 |
|     5.38 |     0.3 |     0.2 |           8.75 |        0.02 |      4.446077713689986 |       393638927.63324434 |  3.719753503202735e-18 | 1.2478986453644867e-18 |
|     5.38 |     0.3 |     0.2 |            9.0 |        0.02 |       7.90636845368783 |              700000000.0 |  6.614761065165575e-18 | 2.2191124668671306e-18 |
|     5.38 |     0.3 |     0.2 |           9.25 |        0.02 |     14.059732229374346 |       1244795587.0272458 |  1.176289340451107e-17 | 3.9462020083904976e-18 |
|     5.38 |     0.3 |     0.2 |            9.5 |        0.02 |      25.00213233415704 |       2213594362.1178656 | 2.0917711143724664e-17 |  7.017449779375061e-18 |
|     5.38 |     0.3 |     0.2 |           9.75 |        0.02 |      44.46077713689986 |        3936389276.332443 |  3.719753503202732e-17 | 1.2478986453644861e-17 |
|     5.38 |     0.3 |     0.2 |           10.0 |        0.02 |       79.0636845368783 |             7000000000.0 |   6.61476106516557e-17 |  2.219112466867128e-17 |
|     5.38 |     0.3 |     0.2 |          10.25 |        0.02 |     140.59732229374347 |       12447955870.272459 | 1.1762893404511074e-16 |  3.946202008390498e-17 |
|     5.38 |     0.3 |     0.2 |           10.5 |        0.02 |      250.0213233415704 |       22135943621.178654 | 2.0917711143724674e-16 |  7.017449779375067e-17 |
|     5.38 |     0.3 |     0.2 |          10.75 |        0.02 |     444.60777136899856 |        39363892763.32443 | 3.7197535032027317e-16 | 1.2478986453644857e-16 |
|     5.38 |     0.3 |     0.2 |           11.0 |        0.02 |      790.6368453687829 |            70000000000.0 |  6.614761065165568e-16 | 2.2191124668671284e-16 |
|     5.38 |     0.3 |     0.2 |          11.25 |        0.02 |     1405.9732229374342 |       124479558702.72458 | 1.1762893404511067e-15 | 3.9462020083904967e-16 |
|     5.38 |     0.3 |     0.3 |            8.0 |        0.02 |     0.4640703970591113 |               70000000.0 | 3.9024560680135295e-19 | 1.3086828700378564e-19 |
|     5.38 |     0.3 |     0.3 |           8.25 |        0.02 |      0.825246831898805 |       124479558.70272458 |   6.93965727432991e-19 | 2.3272038020589624e-19 |
|     5.38 |     0.3 |     0.3 |            8.5 |        0.02 |     1.4675194493654973 |       221359436.21178657 | 1.2340649643667718e-18 | 4.1384186041657514e-19 |
|     5.38 |     0.3 |     0.3 |           8.75 |        0.02 |     2.6096596206383214 |       393638927.63324434 |  2.194512316783847e-18 |  7.359264593909975e-19 |
|     5.38 |     0.3 |     0.3 |            9.0 |        0.02 |      4.640703970591112 |              700000000.0 |  3.902456068013529e-18 | 1.3086828700378564e-18 |
|     5.38 |     0.3 |     0.3 |           9.25 |        0.02 |       8.25246831898805 |       1244795587.0272458 |  6.939657274329915e-18 |  2.327203802058965e-18 |
|     5.38 |     0.3 |     0.3 |            9.5 |        0.02 |      14.67519449365497 |       2213594362.1178656 | 1.2340649643667713e-17 |  4.138418604165752e-18 |
|     5.38 |     0.3 |     0.3 |           9.75 |        0.02 |     26.096596206383214 |        3936389276.332443 | 2.1945123167838476e-17 |  7.359264593909974e-18 |
|     5.38 |     0.3 |     0.3 |           10.0 |        0.02 |     46.407039705911124 |             7000000000.0 | 3.9024560680135284e-17 |  1.308682870037856e-17 |
|     5.38 |     0.3 |     0.3 |          10.25 |        0.02 |       82.5246831898805 |       12447955870.272459 |  6.939657274329912e-17 | 2.3272038020589628e-17 |
|     5.38 |     0.3 |     0.3 |           10.5 |        0.02 |      146.7519449365497 |       22135943621.178654 | 1.2340649643667709e-16 |  4.138418604165749e-17 |
|     5.38 |     0.3 |     0.3 |          10.75 |        0.02 |      260.9659620638321 |        39363892763.32443 | 2.1945123167838475e-16 |  7.359264593909978e-17 |
|     5.38 |     0.3 |     0.3 |           11.0 |        0.02 |     464.07039705911126 |            70000000000.0 | 3.9024560680135277e-16 |  1.308682870037856e-16 |
|     5.38 |     0.3 |     0.3 |          11.25 |        0.02 |      825.2468318988049 |       124479558702.72458 |  6.939657274329914e-16 | 2.3272038020589634e-16 |
|     5.38 |     0.3 |     0.4 |            8.0 |        0.02 |    0.30434426206665055 |               70000000.0 | 2.5657998367148174e-19 |  8.602712485230829e-20 |
|     5.38 |     0.3 |     0.4 |           8.25 |        0.02 |     0.5412091347966147 |       124479558.70272458 |  4.562709019911189e-19 |  1.529802648297075e-19 |
|     5.38 |     0.3 |     0.4 |            8.5 |        0.02 |     0.9624210609337996 |       221359436.21178657 |  8.113771504106945e-19 |  2.720416550889706e-19 |
|     5.38 |     0.3 |     0.4 |           8.75 |        0.02 |     1.7114535564463915 |       393638927.63324434 | 1.4428552803513919e-18 |  4.837660739176265e-19 |
|     5.38 |     0.3 |     0.4 |            9.0 |        0.02 |      3.043442620666506 |              700000000.0 |  2.565799836714817e-18 |  8.602712485230827e-19 |
|     5.38 |     0.3 |     0.4 |           9.25 |        0.02 |      5.412091347966147 |       1244795587.0272458 |  4.562709019911191e-18 | 1.5298026482970753e-18 |
|     5.38 |     0.3 |     0.4 |            9.5 |        0.02 |      9.624210609337997 |       2213594362.1178656 |   8.11377150410694e-18 | 2.7204165508897046e-18 |
|     5.38 |     0.3 |     0.4 |           9.75 |        0.02 |     17.114535564463914 |        3936389276.332443 | 1.4428552803513916e-17 | 4.8376607391762656e-18 |
|     5.38 |     0.3 |     0.4 |           10.0 |        0.02 |     30.434426206665055 |             7000000000.0 |  2.565799836714819e-17 |  8.602712485230833e-18 |
|     5.38 |     0.3 |     0.4 |          10.25 |        0.02 |      54.12091347966147 |       12447955870.272459 |   4.56270901991119e-17 | 1.5298026482970755e-17 |
|     5.38 |     0.3 |     0.4 |           10.5 |        0.02 |      96.24210609337999 |       22135943621.178654 |   8.11377150410694e-17 | 2.7204165508897044e-17 |
|     5.38 |     0.3 |     0.4 |          10.75 |        0.02 |     171.14535564463912 |        39363892763.32443 | 1.4428552803513917e-16 |  4.837660739176265e-17 |
|     5.38 |     0.3 |     0.4 |           11.0 |        0.02 |      304.3442620666505 |            70000000000.0 | 2.5657998367148154e-16 |  8.602712485230823e-17 |
|     5.38 |     0.3 |     0.4 |          11.25 |        0.02 |      541.2091347966146 |       124479558702.72458 |  4.562709019911189e-16 | 1.5298026482970749e-16 |
|     5.38 |     0.3 |     0.5 |            8.0 |        0.02 |     0.2114128213409365 |               70000000.0 | 1.7850336980268417e-19 |   5.98423988948526e-20 |
|     5.38 |     0.3 |     0.5 |           8.25 |        0.02 |     0.3759510672088247 |       124479558.70272458 |  3.174288671426767e-19 | 1.0641650580205235e-19 |
|     5.38 |     0.3 |     0.5 |            8.5 |        0.02 |     0.6685460419996123 |       221359436.21178657 |  5.644772185918026e-19 | 1.8923828115607723e-19 |
|     5.38 |     0.3 |     0.5 |           8.75 |        0.02 |     1.1888616611509273 |       393638927.63324434 | 1.0037982152578434e-18 | 3.3651853897100895e-19 |
|     5.38 |     0.3 |     0.5 |            9.0 |        0.02 |      2.114128213409365 |              700000000.0 |  1.785033698026841e-18 |   5.98423988948526e-19 |
|     5.38 |     0.3 |     0.5 |           9.25 |        0.02 |      3.759510672088248 |       1244795587.0272458 | 3.1742886714267685e-18 |  1.064165058020524e-18 |
|     5.38 |     0.3 |     0.5 |            9.5 |        0.02 |      6.685460419996123 |       2213594362.1178656 |   5.64477218591803e-18 |  1.892382811560773e-18 |
|     5.38 |     0.3 |     0.5 |           9.75 |        0.02 |     11.888616611509274 |        3936389276.332443 | 1.0037982152578428e-17 | 3.3651853897100865e-18 |
|     5.38 |     0.3 |     0.5 |           10.0 |        0.02 |      21.14128213409365 |             7000000000.0 | 1.7850336980268416e-17 |   5.98423988948526e-18 |
|     5.38 |     0.3 |     0.5 |          10.25 |        0.02 |      37.59510672088248 |       12447955870.272459 |  3.174288671426769e-17 | 1.0641650580205238e-17 |
|     5.38 |     0.3 |     0.5 |           10.5 |        0.02 |      66.85460419996123 |       22135943621.178654 |  5.644772185918027e-17 |  1.892382811560772e-17 |
|     5.38 |     0.3 |     0.5 |          10.75 |        0.02 |     118.88616611509273 |        39363892763.32443 | 1.0037982152578429e-16 |  3.365185389710089e-17 |
|     5.38 |     0.3 |     0.5 |           11.0 |        0.02 |      211.4128213409365 |            70000000000.0 | 1.7850336980268402e-16 |  5.984239889485256e-17 |
|     5.38 |     0.3 |     0.5 |          11.25 |        0.02 |      375.9510672088247 |       124479558702.72458 | 3.1742886714267675e-16 | 1.0641650580205234e-16 |
|     5.38 |     0.3 |     0.8 |            8.0 |        0.02 |    0.08287815540478258 |               70000000.0 |  7.013704806538056e-20 | 2.3509058868773556e-20 |
|     5.38 |     0.3 |     0.8 |           8.25 |        0.02 |    0.14738051729833093 |       124479558.70272458 | 1.2472326845557663e-19 |  4.180567533573298e-20 |
|     5.38 |     0.3 |     0.8 |            8.5 |        0.02 |    0.26208373935250723 |       221359436.21178657 | 2.2179282024730915e-19 |  7.434217167230603e-20 |
|     5.38 |     0.3 |     0.8 |           8.75 |        0.02 |     0.4660581173965713 |       393638927.63324434 |   3.94409605540253e-19 | 1.3220115318244048e-19 |
|     5.38 |     0.3 |     0.8 |            9.0 |        0.02 |     0.8287815540478258 |              700000000.0 |  7.013704806538055e-19 |  2.350905886877356e-19 |
|     5.38 |     0.3 |     0.8 |           9.25 |        0.02 |     1.4738051729833095 |       1244795587.0272458 | 1.2472326845557653e-18 | 4.1805675335732946e-19 |
|     5.38 |     0.3 |     0.8 |            9.5 |        0.02 |     2.6208373935250715 |       2213594362.1178656 | 2.2179282024730884e-18 |  7.434217167230594e-19 |
|     5.38 |     0.3 |     0.8 |           9.75 |        0.02 |     4.6605811739657135 |        3936389276.332443 |  3.944096055402532e-18 | 1.3220115318244051e-18 |
|     5.38 |     0.3 |     0.8 |           10.0 |        0.02 |       8.28781554047826 |             7000000000.0 |  7.013704806538054e-18 |  2.350905886877355e-18 |
|     5.38 |     0.3 |     0.8 |          10.25 |        0.02 |     14.738051729833094 |       12447955870.272459 | 1.2472326845557655e-17 | 4.1805675335732965e-18 |
|     5.38 |     0.3 |     0.8 |           10.5 |        0.02 |     26.208373935250716 |       22135943621.178654 | 2.2179282024730872e-17 |  7.434217167230594e-18 |
|     5.38 |     0.3 |     0.8 |          10.75 |        0.02 |     46.605811739657135 |        39363892763.32443 | 3.9440960554025345e-17 | 1.3220115318244063e-17 |
|     5.38 |     0.3 |     0.8 |           11.0 |        0.02 |      82.87815540478259 |            70000000000.0 |  7.013704806538057e-17 | 2.3509058868773553e-17 |
|     5.38 |     0.3 |     0.8 |          11.25 |        0.02 |     147.38051729833094 |       124479558702.72458 | 1.2472326845557664e-16 |  4.180567533573298e-17 |
|     5.38 |     0.3 |     1.0 |            8.0 |        0.02 |    0.04688570516748193 |               70000000.0 |  3.970948500368523e-20 | 1.3309359293229606e-20 |
|     5.38 |     0.3 |     1.0 |           8.25 |        0.02 |    0.08337588412448864 |       124479558.70272458 |  7.061455956530281e-20 | 2.3667759591960393e-20 |
|     5.38 |     0.3 |     1.0 |            8.5 |        0.02 |    0.14826561803236926 |       221359436.21178657 | 1.2557241732394507e-19 |   4.20878895641344e-20 |
|     5.38 |     0.3 |     1.0 |           8.75 |        0.02 |     0.2636576957636579 |       393638927.63324434 | 2.2330284419598635e-19 |  7.484402742389221e-20 |
|     5.38 |     0.3 |     1.0 |            9.0 |        0.02 |     0.4688570516748193 |              700000000.0 | 3.9709485003685193e-19 | 1.3309359293229592e-19 |
|     5.38 |     0.3 |     1.0 |           9.25 |        0.02 |     0.8337588412448864 |       1244795587.0272458 |  7.061455956530283e-19 | 2.3667759591960396e-19 |
|     5.38 |     0.3 |     1.0 |            9.5 |        0.02 |     1.4826561803236926 |       2213594362.1178656 | 1.2557241732394512e-18 | 4.2087889564134395e-19 |
|     5.38 |     0.3 |     1.0 |           9.75 |        0.02 |     2.6365769576365787 |        3936389276.332443 | 2.2330284419598624e-18 |  7.484402742389217e-19 |
|     5.38 |     0.3 |     1.0 |           10.0 |        0.02 |      4.688570516748193 |             7000000000.0 | 3.9709485003685225e-18 | 1.3309359293229603e-18 |
|     5.38 |     0.3 |     1.0 |          10.25 |        0.02 |      8.337588412448865 |       12447955870.272459 |  7.061455956530275e-18 |  2.366775959196037e-18 |
|     5.38 |     0.3 |     1.0 |           10.5 |        0.02 |     14.826561803236924 |       22135943621.178654 | 1.2557241732394503e-17 |  4.208788956413438e-18 |
|     5.38 |     0.3 |     1.0 |          10.75 |        0.02 |     26.365769576365782 |        39363892763.32443 |  2.233028441959865e-17 |  7.484402742389225e-18 |
|     5.38 |     0.3 |     1.0 |           11.0 |        0.02 |      46.88570516748193 |            70000000000.0 |   3.97094850036852e-17 | 1.3309359293229596e-17 |
|     5.38 |     0.3 |     1.0 |          11.25 |        0.02 |      83.37588412448864 |       124479558702.72458 |   7.06145595653028e-17 | 2.3667759591960388e-17 |
|     5.38 |     0.5 |    0.01 |            8.0 |        0.02 |     19.866889184691743 |               70000000.0 | 1.1854884492982149e-17 | 4.1010074176980395e-18 |
|     5.38 |     0.5 |    0.01 |           8.25 |        0.02 |      35.32887997866228 |       124479558.70272458 |  2.108129700225985e-17 |  7.292737051309308e-18 |
|     5.38 |     0.5 |    0.01 |            8.5 |        0.02 |     62.824619845791474 |       221359436.21178657 |  3.748843639603399e-17 | 1.2968524141171323e-17 |
|     5.38 |     0.5 |    0.01 |           8.75 |        0.02 |     111.71972791529367 |       393638927.63324434 |  6.666491455762103e-17 | 2.3061659458837677e-17 |
|     5.38 |     0.5 |    0.01 |            9.0 |        0.02 |     198.66889184691738 |              700000000.0 | 1.1854884492982144e-16 |  4.101007417698038e-17 |
|     5.38 |     0.5 |    0.01 |           9.25 |        0.02 |      353.2887997866228 |       1244795587.0272458 | 2.1081297002259855e-16 |  7.292737051309313e-17 |
|     5.38 |     0.5 |    0.01 |            9.5 |        0.02 |      628.2461984579147 |       2213594362.1178656 | 3.7488436396033965e-16 | 1.2968524141171314e-16 |
|     5.38 |     0.5 |    0.01 |           9.75 |        0.02 |     1117.1972791529367 |        3936389276.332443 |  6.666491455762096e-16 |  2.306165945883765e-16 |
|     5.38 |     0.5 |    0.01 |           10.0 |        0.02 |     1986.6889184691738 |             7000000000.0 |  1.185488449298214e-15 | 4.1010074176980373e-16 |
|     5.38 |     0.5 |    0.01 |          10.25 |        0.02 |     3532.8879978662285 |       12447955870.272459 | 2.1081297002259864e-15 |  7.292737051309315e-16 |
|     5.38 |     0.5 |    0.01 |           10.5 |        0.02 |      6282.461984579148 |       22135943621.178654 |  3.748843639603397e-15 | 1.2968524141171316e-15 |
|     5.38 |     0.5 |    0.01 |          10.75 |        0.02 |     11171.972791529368 |        39363892763.32443 |  6.666491455762098e-15 | 2.3061659458837665e-15 |
|     5.38 |     0.5 |    0.01 |           11.0 |        0.02 |      19866.88918469174 |            70000000000.0 | 1.1854884492982144e-14 |  4.101007417698039e-15 |
|     5.38 |     0.5 |    0.01 |          11.25 |        0.02 |     35328.879978662284 |       124479558702.72458 | 2.1081297002259853e-14 |   7.29273705130931e-15 |
|     5.38 |     0.5 |     0.1 |            8.0 |        0.02 |     1.8689180011592623 |               70000000.0 | 1.5336078619742308e-18 |  5.152546258854408e-19 |
|     5.38 |     0.5 |     0.1 |           8.25 |        0.02 |      3.323458400512615 |       124479558.70272458 |  2.727183284022586e-18 |  9.162666921393868e-19 |
|     5.38 |     0.5 |     0.1 |            8.5 |        0.02 |      5.910037643752477 |       221359436.21178657 |  4.849693881379696e-18 | 1.6293781927359438e-18 |
|     5.38 |     0.5 |     0.1 |           8.75 |        0.02 |      10.50969825443998 |       393638927.63324434 |  8.624110774249264e-18 | 2.8974896913087615e-18 |
|     5.38 |     0.5 |     0.1 |            9.0 |        0.02 |     18.689180011592622 |              700000000.0 | 1.5336078619742295e-17 |  5.152546258854404e-18 |
|     5.38 |     0.5 |     0.1 |           9.25 |        0.02 |      33.23458400512616 |       1244795587.0272458 | 2.7271832840225857e-17 |  9.162666921393863e-18 |
|     5.38 |     0.5 |     0.1 |            9.5 |        0.02 |     59.100376437524766 |       2213594362.1178656 |  4.849693881379701e-17 | 1.6293781927359452e-17 |
|     5.38 |     0.5 |     0.1 |           9.75 |        0.02 |      105.0969825443998 |        3936389276.332443 |   8.62411077424926e-17 |  2.897489691308761e-17 |
|     5.38 |     0.5 |     0.1 |           10.0 |        0.02 |     186.89180011592623 |             7000000000.0 | 1.5336078619742281e-16 |  5.152546258854399e-17 |
|     5.38 |     0.5 |     0.1 |          10.25 |        0.02 |      332.3458400512616 |       12447955870.272459 |  2.727183284022587e-16 |  9.162666921393869e-17 |
|     5.38 |     0.5 |     0.1 |           10.5 |        0.02 |      591.0037643752476 |       22135943621.178654 |  4.849693881379695e-16 | 1.6293781927359434e-16 |
|     5.38 |     0.5 |     0.1 |          10.75 |        0.02 |     1050.9698254439977 |        39363892763.32443 |  8.624110774249258e-16 | 2.8974896913087596e-16 |
|     5.38 |     0.5 |     0.1 |           11.0 |        0.02 |     1868.9180011592625 |            70000000000.0 | 1.5336078619742298e-15 | 5.1525462588544055e-16 |
|     5.38 |     0.5 |     0.1 |          11.25 |        0.02 |     3323.4584005126158 |       124479558702.72458 | 2.7271832840225864e-15 |  9.162666921393868e-16 |
|     5.38 |     0.5 |     0.2 |            8.0 |        0.02 |     0.8712253027233926 |               70000000.0 | 7.2599249503338165e-19 | 2.4362735653513435e-19 |
|     5.38 |     0.5 |     0.2 |           8.25 |        0.02 |     1.5492820173379367 |       124479558.70272458 | 1.2910175057606477e-18 |   4.33237511848641e-19 |
|     5.38 |     0.5 |     0.2 |            8.5 |        0.02 |      2.755056311775618 |       221359436.21178657 |  2.295789848493964e-18 | 7.7041734697693175e-19 |
|     5.38 |     0.5 |     0.2 |           8.75 |        0.02 |      4.899259912728357 |       393638927.63324434 |  4.082555817353199e-18 | 1.3700173052658918e-18 |
|     5.38 |     0.5 |     0.2 |            9.0 |        0.02 |      8.712253027233924 |              700000000.0 |  7.259924950333816e-18 | 2.4362735653513425e-18 |
|     5.38 |     0.5 |     0.2 |           9.25 |        0.02 |     15.492820173379366 |       1244795587.0272458 | 1.2910175057606477e-17 |   4.33237511848641e-18 |
|     5.38 |     0.5 |     0.2 |            9.5 |        0.02 |     27.550563117756177 |       2213594362.1178656 | 2.2957898484939664e-17 |  7.704173469769324e-18 |
|     5.38 |     0.5 |     0.2 |           9.75 |        0.02 |      48.99259912728356 |        3936389276.332443 |    4.0825558173532e-17 | 1.3700173052658915e-17 |
|     5.38 |     0.5 |     0.2 |           10.0 |        0.02 |      87.12253027233926 |             7000000000.0 |  7.259924950333812e-17 |  2.436273565351342e-17 |
|     5.38 |     0.5 |     0.2 |          10.25 |        0.02 |     154.92820173379363 |       12447955870.272459 | 1.2910175057606476e-16 |   4.33237511848641e-17 |
|     5.38 |     0.5 |     0.2 |           10.5 |        0.02 |      275.5056311775618 |       22135943621.178654 | 2.2957898484939645e-16 |  7.704173469769317e-17 |
|     5.38 |     0.5 |     0.2 |          10.75 |        0.02 |     489.92599127283563 |        39363892763.32443 |  4.082555817353195e-16 | 1.3700173052658905e-16 |
|     5.38 |     0.5 |     0.2 |           11.0 |        0.02 |      871.2253027233926 |            70000000000.0 |  7.259924950333818e-16 |  2.436273565351344e-16 |
|     5.38 |     0.5 |     0.2 |          11.25 |        0.02 |     1549.2820173379366 |       124479558702.72458 | 1.2910175057606484e-15 |  4.332375118486412e-16 |
|     5.38 |     0.5 |     0.3 |            8.0 |        0.02 |     0.5402514320671059 |               70000000.0 |  4.524900712872946e-19 |  1.517871856621869e-19 |
|     5.38 |     0.5 |     0.3 |           8.25 |        0.02 |     0.9607179978889763 |       124479558.70272458 |   8.04653777017241e-19 | 2.6992002697082224e-19 |
|     5.38 |     0.5 |     0.3 |            8.5 |        0.02 |      1.708425034499784 |       221359436.21178657 | 1.4308992438798095e-18 |  4.799932263193639e-19 |
|     5.38 |     0.5 |     0.3 |           8.75 |        0.02 |      3.038057062446002 |       393638927.63324434 | 2.5445386632317274e-18 |  8.535620713218771e-19 |
|     5.38 |     0.5 |     0.3 |            9.0 |        0.02 |      5.402514320671059 |              700000000.0 |  4.524900712872948e-18 | 1.5178718566218694e-18 |
|     5.38 |     0.5 |     0.3 |           9.25 |        0.02 |      9.607179978889762 |       1244795587.0272458 |   8.04653777017241e-18 | 2.6992002697082234e-18 |
|     5.38 |     0.5 |     0.3 |            9.5 |        0.02 |     17.084250344997837 |       2213594362.1178656 | 1.4308992438798105e-17 | 4.7999322631936395e-18 |
|     5.38 |     0.5 |     0.3 |           9.75 |        0.02 |     30.380570624460017 |        3936389276.332443 | 2.5445386632317285e-17 |  8.535620713218773e-18 |
|     5.38 |     0.5 |     0.3 |           10.0 |        0.02 |      54.02514320671059 |             7000000000.0 |  4.524900712872947e-17 |  1.517871856621869e-17 |
|     5.38 |     0.5 |     0.3 |          10.25 |        0.02 |      96.07179978889764 |       12447955870.272459 |  8.046537770172406e-17 | 2.6992002697082225e-17 |
|     5.38 |     0.5 |     0.3 |           10.5 |        0.02 |     170.84250344997838 |       22135943621.178654 | 1.4308992438798106e-16 | 4.7999322631936397e-17 |
|     5.38 |     0.5 |     0.3 |          10.75 |        0.02 |      303.8057062446002 |        39363892763.32443 | 2.5445386632317273e-16 |  8.535620713218767e-17 |
|     5.38 |     0.5 |     0.3 |           11.0 |        0.02 |       540.251432067106 |            70000000000.0 |  4.524900712872949e-16 | 1.5178718566218694e-16 |
|     5.38 |     0.5 |     0.3 |          11.25 |        0.02 |      960.7179978889762 |       124479558702.72458 |  8.046537770172402e-16 |  2.699200269708221e-16 |
|     5.38 |     0.5 |     0.4 |            8.0 |        0.02 |    0.37599203575275386 |               70000000.0 |  3.157132390718538e-19 |   1.05885265280488e-19 |
|     5.38 |     0.5 |     0.4 |           8.25 |        0.02 |     0.6686188955177407 |       124479558.70272458 |  5.614263525181741e-19 | 1.8829358707480122e-19 |
|     5.38 |     0.5 |     0.4 |            8.5 |        0.02 |     1.1889912150621642 |       221359436.21178657 |  9.983729229363223e-19 | 3.3483860893748976e-19 |
|     5.38 |     0.5 |     0.4 |           8.75 |        0.02 |     2.1143585964622074 |       393638927.63324434 | 1.7753860123980374e-18 |  5.954366039596127e-19 |
|     5.38 |     0.5 |     0.4 |            9.0 |        0.02 |      3.759920357527539 |              700000000.0 | 3.1571323907185398e-18 | 1.0588526528048808e-18 |
|     5.38 |     0.5 |     0.4 |           9.25 |        0.02 |      6.686188955177406 |       1244795587.0272458 |  5.614263525181738e-18 | 1.8829358707480107e-18 |
|     5.38 |     0.5 |     0.4 |            9.5 |        0.02 |      11.88991215062164 |       2213594362.1178656 |  9.983729229363225e-18 | 3.3483860893748977e-18 |
|     5.38 |     0.5 |     0.4 |           9.75 |        0.02 |     21.143585964622073 |        3936389276.332443 |  1.775386012398039e-17 | 5.9543660395961306e-18 |
|     5.38 |     0.5 |     0.4 |           10.0 |        0.02 |      37.59920357527538 |             7000000000.0 | 3.1571323907185376e-17 | 1.0588526528048797e-17 |
|     5.38 |     0.5 |     0.4 |          10.25 |        0.02 |      66.86188955177407 |       12447955870.272459 |  5.614263525181737e-17 | 1.8829358707480114e-17 |
|     5.38 |     0.5 |     0.4 |           10.5 |        0.02 |     118.89912150621642 |       22135943621.178654 |   9.98372922936322e-17 |  3.348386089374897e-17 |
|     5.38 |     0.5 |     0.4 |          10.75 |        0.02 |      211.4358596462207 |        39363892763.32443 | 1.7753860123980373e-16 |  5.954366039596127e-17 |
|     5.38 |     0.5 |     0.4 |           11.0 |        0.02 |      375.9920357527539 |            70000000000.0 | 3.1571323907185383e-16 | 1.0588526528048801e-16 |
|     5.38 |     0.5 |     0.4 |          11.25 |        0.02 |      668.6188955177407 |       124479558702.72458 |  5.614263525181736e-16 | 1.8829358707480106e-16 |
|     5.38 |     0.5 |     0.5 |            8.0 |        0.02 |    0.27844223823546677 |               70000000.0 | 2.3415660348659226e-19 |  7.852344561805576e-20 |
|     5.38 |     0.5 |     0.5 |           8.25 |        0.02 |      0.495148099139283 |       124479558.70272458 | 4.1639586670485516e-19 | 1.3963662654789962e-19 |
|     5.38 |     0.5 |     0.5 |            8.5 |        0.02 |     0.8805116696192984 |       221359436.21178657 |  7.404681961865561e-19 | 2.4831293787742435e-19 |
|     5.38 |     0.5 |     0.5 |           8.75 |        0.02 |     1.5657957723829927 |       393638927.63324434 | 1.3167593470672148e-18 |  4.415697846736981e-19 |
|     5.38 |     0.5 |     0.5 |            9.0 |        0.02 |     2.7844223823546677 |              700000000.0 |  2.341566034865924e-18 |   7.85234456180558e-19 |
|     5.38 |     0.5 |     0.5 |           9.25 |        0.02 |       4.95148099139283 |       1244795587.0272458 |  4.163958667048553e-18 | 1.3963662654789962e-18 |
|     5.38 |     0.5 |     0.5 |            9.5 |        0.02 |      8.805116696192984 |       2213594362.1178656 |   7.40468196186556e-18 | 2.4831293787742434e-18 |
|     5.38 |     0.5 |     0.5 |           9.75 |        0.02 |     15.657957723829927 |        3936389276.332443 | 1.3167593470672148e-17 |  4.415697846736981e-18 |
|     5.38 |     0.5 |     0.5 |           10.0 |        0.02 |     27.844223823546677 |             7000000000.0 | 2.3415660348659226e-17 |  7.852344561805577e-18 |
|     5.38 |     0.5 |     0.5 |          10.25 |        0.02 |       49.5148099139283 |       12447955870.272459 |  4.163958667048555e-17 | 1.3963662654789966e-17 |
|     5.38 |     0.5 |     0.5 |           10.5 |        0.02 |      88.05116696192982 |       22135943621.178654 |  7.404681961865559e-17 | 2.4831293787742436e-17 |
|     5.38 |     0.5 |     0.5 |          10.75 |        0.02 |     156.57957723829927 |        39363892763.32443 | 1.3167593470672138e-16 | 4.4156978467369775e-17 |
|     5.38 |     0.5 |     0.5 |           11.0 |        0.02 |     278.44223823546673 |            70000000000.0 |  2.341566034865923e-16 |  7.852344561805576e-17 |
|     5.38 |     0.5 |     0.5 |          11.25 |        0.02 |     495.14809913928303 |       124479558702.72458 |  4.163958667048554e-16 | 1.3963662654789967e-16 |
|     5.38 |     0.5 |     0.8 |            8.0 |        0.02 |     0.1359947260744871 |               70000000.0 | 1.1462595609706677e-19 |  3.843275228375581e-20 |
|     5.38 |     0.5 |     0.8 |           8.25 |        0.02 |    0.24183662125214384 |       124479558.70272458 | 2.0383697758343938e-19 |  6.834417205732935e-20 |
|     5.38 |     0.5 |     0.8 |            8.5 |        0.02 |     0.4300530841660688 |       221359436.21178657 |  3.624791002411956e-19 | 1.2153503396570627e-19 |
|     5.38 |     0.5 |     0.8 |           8.75 |        0.02 |     0.7647545447962559 |       393638927.63324434 | 6.4458912052835355e-19 | 2.1612324849959673e-19 |
|     5.38 |     0.5 |     0.8 |            9.0 |        0.02 |     1.3599472607448708 |              700000000.0 |  1.146259560970668e-18 | 3.8432752283755826e-19 |
|     5.38 |     0.5 |     0.8 |           9.25 |        0.02 |      2.418366212521438 |       1244795587.0272458 |  2.038369775834394e-18 |  6.834417205732937e-19 |
|     5.38 |     0.5 |     0.8 |            9.5 |        0.02 |      4.300530841660687 |       2213594362.1178656 |   3.62479100241196e-18 | 1.2153503396570636e-18 |
|     5.38 |     0.5 |     0.8 |           9.75 |        0.02 |      7.647545447962559 |        3936389276.332443 |   6.44589120528353e-18 | 2.1612324849959665e-18 |
|     5.38 |     0.5 |     0.8 |           10.0 |        0.02 |     13.599472607448707 |             7000000000.0 | 1.1462595609706677e-17 |  3.843275228375582e-18 |
|     5.38 |     0.5 |     0.8 |          10.25 |        0.02 |     24.183662125214386 |       12447955870.272459 | 2.0383697758343957e-17 |   6.83441720573294e-18 |
|     5.38 |     0.5 |     0.8 |           10.5 |        0.02 |      43.00530841660687 |       22135943621.178654 | 3.6247910024119574e-17 | 1.2153503396570629e-17 |
|     5.38 |     0.5 |     0.8 |          10.75 |        0.02 |       76.4754544796256 |        39363892763.32443 |  6.445891205283534e-17 | 2.1612324849959675e-17 |
|     5.38 |     0.5 |     0.8 |           11.0 |        0.02 |     135.99472607448712 |            70000000000.0 |  1.146259560970668e-16 | 3.8432752283755834e-17 |
|     5.38 |     0.5 |     0.8 |          11.25 |        0.02 |      241.8366212521438 |       124479558702.72458 |  2.038369775834394e-16 |  6.834417205732935e-17 |
|     5.38 |     0.5 |     1.0 |            8.0 |        0.02 |    0.09113576837112104 |               70000000.0 |  7.687539469468138e-20 | 2.5773959325120827e-20 |
|     5.38 |     0.5 |     1.0 |           8.25 |        0.02 |    0.16206486041244106 |       124479558.70272458 | 1.3670593152416735e-19 | 4.5833301183043057e-20 |
|     5.38 |     0.5 |     1.0 |            8.5 |        0.02 |    0.28819660436227607 |       221359436.21178657 | 2.4310134325961765e-19 |  8.150441578791805e-20 |
|     5.38 |     0.5 |     1.0 |           8.75 |        0.02 |     0.5124940875805691 |       393638927.63324434 |  4.323021132713826e-19 | 1.4493762442290595e-19 |
|     5.38 |     0.5 |     1.0 |            9.0 |        0.02 |     0.9113576837112106 |              700000000.0 |  7.687539469468141e-19 | 2.5773959325120833e-19 |
|     5.38 |     0.5 |     1.0 |           9.25 |        0.02 |     1.6206486041244106 |       1244795587.0272458 | 1.3670593152416745e-18 |  4.583330118304307e-19 |
|     5.38 |     0.5 |     1.0 |            9.5 |        0.02 |     2.8819660436227603 |       2213594362.1178656 | 2.4310134325961794e-18 |  8.150441578791814e-19 |
|     5.38 |     0.5 |     1.0 |           9.75 |        0.02 |      5.124940875805692 |        3936389276.332443 |  4.323021132713828e-18 | 1.4493762442290605e-18 |
|     5.38 |     0.5 |     1.0 |           10.0 |        0.02 |      9.113576837112104 |             7000000000.0 |   7.68753946946814e-18 | 2.5773959325120835e-18 |
|     5.38 |     0.5 |     1.0 |          10.25 |        0.02 |     16.206486041244105 |       12447955870.272459 | 1.3670593152416733e-17 |  4.583330118304305e-18 |
|     5.38 |     0.5 |     1.0 |           10.5 |        0.02 |     28.819660436227604 |       22135943621.178654 | 2.4310134325961785e-17 |  8.150441578791811e-18 |
|     5.38 |     0.5 |     1.0 |          10.75 |        0.02 |     51.249408758056916 |        39363892763.32443 |  4.323021132713827e-17 |   1.44937624422906e-17 |
|     5.38 |     0.5 |     1.0 |           11.0 |        0.02 |      91.13576837112105 |            70000000000.0 |  7.687539469468137e-17 | 2.5773959325120812e-17 |
|     5.38 |     0.5 |     1.0 |          11.25 |        0.02 |     162.06486041244108 |       124479558702.72458 | 1.3670593152416742e-16 |  4.583330118304307e-17 |
|     5.38 |     1.0 |    0.01 |            8.0 |        0.02 |     19.933388925938797 |               70000000.0 | 1.1866662908496241e-17 |   4.10544449052117e-18 |
|     5.38 |     1.0 |    0.01 |           8.25 |        0.02 |      35.44713509929483 |       124479558.70272458 | 2.1102242316051445e-17 |   7.30062740655153e-18 |
|     5.38 |     1.0 |    0.01 |            8.5 |        0.02 |      63.03491049194401 |       221359436.21178657 |  3.752568301628637e-17 | 1.2982555397436447e-17 |
|     5.38 |     1.0 |    0.01 |           8.75 |        0.02 |     112.09368344147052 |       393638927.63324434 |  6.673114945550935e-17 | 2.3086610952950925e-17 |
|     5.38 |     1.0 |    0.01 |            9.0 |        0.02 |     199.33388925938795 |              700000000.0 | 1.1866662908496233e-16 |  4.105444490521169e-17 |
|     5.38 |     1.0 |    0.01 |           9.25 |        0.02 |      354.4713509929483 |       1244795587.0272458 | 2.1102242316051465e-16 |  7.300627406551533e-17 |
|     5.38 |     1.0 |    0.01 |            9.5 |        0.02 |        630.34910491944 |       2213594362.1178656 | 3.7525683016286367e-16 | 1.2982555397436448e-16 |
|     5.38 |     1.0 |    0.01 |           9.75 |        0.02 |     1120.9368344147051 |        3936389276.332443 |  6.673114945550935e-16 | 2.3086610952950916e-16 |
|     5.38 |     1.0 |    0.01 |           10.0 |        0.02 |      1993.338892593879 |             7000000000.0 | 1.1866662908496236e-15 |   4.10544449052117e-16 |
|     5.38 |     1.0 |    0.01 |          10.25 |        0.02 |     3544.7135099294837 |       12447955870.272459 |  2.110224231605145e-15 |  7.300627406551529e-16 |
|     5.38 |     1.0 |    0.01 |           10.5 |        0.02 |      6303.491049194401 |       22135943621.178654 |  3.752568301628639e-15 | 1.2982555397436456e-15 |
|     5.38 |     1.0 |    0.01 |          10.75 |        0.02 |      11209.36834414705 |        39363892763.32443 |  6.673114945550935e-15 |  2.308661095295092e-15 |
|     5.38 |     1.0 |    0.01 |           11.0 |        0.02 |     19933.388925938794 |            70000000000.0 | 1.1866662908496238e-14 | 4.1054444905211695e-15 |
|     5.38 |     1.0 |    0.01 |          11.25 |        0.02 |      35447.13509929483 |       124479558702.72458 | 2.1102242316051454e-14 |  7.300627406551533e-15 |
|     5.38 |     1.0 |     0.1 |            8.0 |        0.02 |      1.933892560993188 |               70000000.0 |  1.582225337911591e-18 |  5.317040876396623e-19 |
|     5.38 |     1.0 |     0.1 |           8.25 |        0.02 |     3.4390013224416283 |       124479558.70272458 |  2.813638740450058e-18 |  9.455184312831417e-19 |
|     5.38 |     1.0 |     0.1 |            8.5 |        0.02 |      6.115505242794574 |       221359436.21178657 |  5.003435839430189e-18 | 1.6813959581631138e-18 |
|     5.38 |     1.0 |     0.1 |           8.75 |        0.02 |     10.875077055246676 |       393638927.63324434 |  8.897506932709526e-18 | 2.9899918125241343e-18 |
|     5.38 |     1.0 |     0.1 |            9.0 |        0.02 |     19.338925609931884 |              700000000.0 | 1.5822253379115916e-17 |  5.317040876396624e-18 |
|     5.38 |     1.0 |     0.1 |           9.25 |        0.02 |     34.390013224416286 |       1244795587.0272458 |  2.813638740450059e-17 |  9.455184312831422e-18 |
|     5.38 |     1.0 |     0.1 |            9.5 |        0.02 |      61.15505242794573 |       2213594362.1178656 |  5.003435839430189e-17 | 1.6813959581631142e-17 |
|     5.38 |     1.0 |     0.1 |           9.75 |        0.02 |     108.75077055246675 |        3936389276.332443 |  8.897506932709517e-17 | 2.9899918125241304e-17 |
|     5.38 |     1.0 |     0.1 |           10.0 |        0.02 |     193.38925609931883 |             7000000000.0 | 1.5822253379115916e-16 |  5.317040876396623e-17 |
|     5.38 |     1.0 |     0.1 |          10.25 |        0.02 |      343.9001322441629 |       12447955870.272459 |   2.81363874045006e-16 |  9.455184312831426e-17 |
|     5.38 |     1.0 |     0.1 |           10.5 |        0.02 |      611.5505242794574 |       22135943621.178654 |  5.003435839430188e-16 | 1.6813959581631135e-16 |
|     5.38 |     1.0 |     0.1 |          10.75 |        0.02 |     1087.5077055246675 |        39363892763.32443 |  8.897506932709516e-16 | 2.9899918125241295e-16 |
|     5.38 |     1.0 |     0.1 |           11.0 |        0.02 |     1933.8925609931885 |            70000000000.0 | 1.5822253379115917e-15 |  5.317040876396624e-16 |
|     5.38 |     1.0 |     0.1 |          11.25 |        0.02 |      3439.001322441628 |       124479558702.72458 | 2.8136387404500597e-15 |  9.455184312831421e-16 |
|     5.38 |     1.0 |     0.2 |            8.0 |        0.02 |     0.9344590005796312 |               70000000.0 |  7.763589112675432e-19 | 2.6058691170693306e-19 |
|     5.38 |     1.0 |     0.2 |           8.25 |        0.02 |     1.6617292002563075 |       124479558.70272458 | 1.3805830667073069e-18 |  4.633963396140698e-19 |
|     5.38 |     1.0 |     0.2 |            8.5 |        0.02 |     2.9550188218762385 |       221359436.21178657 |  2.455062441373997e-18 |  8.240481694231047e-19 |
|     5.38 |     1.0 |     0.2 |           8.75 |        0.02 |       5.25484912721999 |       393638927.63324434 |  4.365786989855266e-18 | 1.4653878925653719e-18 |
|     5.38 |     1.0 |     0.2 |            9.0 |        0.02 |      9.344590005796311 |              700000000.0 |  7.763589112675428e-18 |   2.60586911706933e-18 |
|     5.38 |     1.0 |     0.2 |           9.25 |        0.02 |      16.61729200256308 |       1244795587.0272458 | 1.3805830667073069e-17 |  4.633963396140697e-18 |
|     5.38 |     1.0 |     0.2 |            9.5 |        0.02 |     29.550188218762383 |       2213594362.1178656 | 2.4550624413739986e-17 |  8.240481694231053e-18 |
|     5.38 |     1.0 |     0.2 |           9.75 |        0.02 |       52.5484912721999 |        3936389276.332443 |  4.365786989855272e-17 | 1.4653878925653734e-17 |
|     5.38 |     1.0 |     0.2 |           10.0 |        0.02 |      93.44590005796312 |             7000000000.0 |  7.763589112675432e-17 |  2.605869117069331e-17 |
|     5.38 |     1.0 |     0.2 |          10.25 |        0.02 |      166.1729200256308 |       12447955870.272459 | 1.3805830667073068e-16 |  4.633963396140699e-17 |
|     5.38 |     1.0 |     0.2 |           10.5 |        0.02 |      295.5018821876238 |       22135943621.178654 | 2.4550624413739964e-16 |  8.240481694231043e-17 |
|     5.38 |     1.0 |     0.2 |          10.75 |        0.02 |      525.4849127219989 |        39363892763.32443 |  4.365786989855268e-16 | 1.4653878925653723e-16 |
|     5.38 |     1.0 |     0.2 |           11.0 |        0.02 |      934.4590005796313 |            70000000000.0 |  7.763589112675431e-16 |  2.605869117069331e-16 |
|     5.38 |     1.0 |     0.2 |          11.25 |        0.02 |     1661.7292002563079 |       124479558702.72458 | 1.3805830667073073e-15 |    4.6339633961407e-16 |
|     5.38 |     1.0 |     0.3 |            8.0 |        0.02 |     0.6016991071089899 |               70000000.0 |  5.024455481615649e-19 |  1.685822539172729e-19 |
|     5.38 |     1.0 |     0.3 |           8.25 |        0.02 |     1.0699891332107208 |       124479558.70272458 |  8.934885729614306e-19 | 2.9978635103903977e-19 |
|     5.38 |     1.0 |     0.3 |            8.5 |        0.02 |     1.9027396445540192 |       221359436.21178657 | 1.5888723324023727e-18 |  5.331038954634254e-19 |
|     5.38 |     1.0 |     0.3 |           8.75 |        0.02 |      3.383602732575191 |       393638927.63324434 |  2.825458953891658e-18 |  9.480076807141517e-19 |
|     5.38 |     1.0 |     0.3 |            9.0 |        0.02 |     6.0169910710898975 |              700000000.0 |  5.024455481615651e-18 | 1.6858225391727294e-18 |
|     5.38 |     1.0 |     0.3 |           9.25 |        0.02 |     10.699891332107208 |       1244795587.0272458 |  8.934885729614303e-18 | 2.9978635103903976e-18 |
|     5.38 |     1.0 |     0.3 |            9.5 |        0.02 |      19.02739644554019 |       2213594362.1178656 | 1.5888723324023717e-17 |  5.331038954634251e-18 |
|     5.38 |     1.0 |     0.3 |           9.75 |        0.02 |     33.836027325751914 |        3936389276.332443 | 2.8254589538916584e-17 |  9.480076807141517e-18 |
|     5.38 |     1.0 |     0.3 |           10.0 |        0.02 |      60.16991071089896 |             7000000000.0 |   5.02445548161565e-17 | 1.6858225391727295e-17 |
|     5.38 |     1.0 |     0.3 |          10.25 |        0.02 |      106.9989133210721 |       12447955870.272459 |   8.93488572961431e-17 |    2.9978635103904e-17 |
|     5.38 |     1.0 |     0.3 |           10.5 |        0.02 |      190.2739644554019 |       22135943621.178654 | 1.5888723324023718e-16 |  5.331038954634252e-17 |
|     5.38 |     1.0 |     0.3 |          10.75 |        0.02 |     338.36027325751905 |        39363892763.32443 |  2.825458953891658e-16 |  9.480076807141519e-17 |
|     5.38 |     1.0 |     0.3 |           11.0 |        0.02 |      601.6991071089898 |            70000000000.0 |  5.024455481615652e-16 | 1.6858225391727298e-16 |
|     5.38 |     1.0 |     0.3 |          11.25 |        0.02 |     1069.9891332107209 |       124479558702.72458 |  8.934885729614313e-16 | 2.9978635103904006e-16 |
|     5.38 |     1.0 |     0.4 |            8.0 |        0.02 |     0.4356126513616963 |               70000000.0 | 3.6467775393344787e-19 | 1.2233455153360455e-19 |
|     5.38 |     1.0 |     0.4 |           8.25 |        0.02 |     0.7746410086689683 |       124479558.70272458 |   6.48498941119091e-19 |  2.175450141285544e-19 |
|     5.38 |     1.0 |     0.4 |            8.5 |        0.02 |      1.377528155887809 |       221359436.21178657 | 1.1532123144241238e-18 | 3.8685581938143517e-19 |
|     5.38 |     1.0 |     0.4 |           8.75 |        0.02 |     2.4496299563641784 |       393638927.63324434 | 2.0507337141437534e-18 |   6.87937738259743e-19 |
|     5.38 |     1.0 |     0.4 |            9.0 |        0.02 |      4.356126513616962 |              700000000.0 |  3.646777539334479e-18 | 1.2233455153360455e-18 |
|     5.38 |     1.0 |     0.4 |           9.25 |        0.02 |      7.746410086689683 |       1244795587.0272458 |  6.484989411190915e-18 |  2.175450141285546e-18 |
|     5.38 |     1.0 |     0.4 |            9.5 |        0.02 |     13.775281558878088 |       2213594362.1178656 | 1.1532123144241235e-17 |   3.86855819381435e-18 |
|     5.38 |     1.0 |     0.4 |           9.75 |        0.02 |      24.49629956364178 |        3936389276.332443 |  2.050733714143751e-17 |  6.879377382597421e-18 |
|     5.38 |     1.0 |     0.4 |           10.0 |        0.02 |      43.56126513616963 |             7000000000.0 | 3.6467775393344774e-17 | 1.2233455153360448e-17 |
|     5.38 |     1.0 |     0.4 |          10.25 |        0.02 |      77.46410086689681 |       12447955870.272459 |  6.484989411190912e-17 | 2.1754501412855446e-17 |
|     5.38 |     1.0 |     0.4 |           10.5 |        0.02 |      137.7528155887809 |       22135943621.178654 | 1.1532123144241241e-16 | 3.8685581938143515e-17 |
|     5.38 |     1.0 |     0.4 |          10.75 |        0.02 |     244.96299563641782 |        39363892763.32443 | 2.0507337141437522e-16 |  6.879377382597425e-17 |
|     5.38 |     1.0 |     0.4 |           11.0 |        0.02 |      435.6126513616963 |            70000000000.0 | 3.6467775393344818e-16 | 1.2233455153360464e-16 |
|     5.38 |     1.0 |     0.4 |          11.25 |        0.02 |      774.6410086689683 |       124479558702.72458 |  6.484989411190916e-16 | 2.1754501412855467e-16 |
|     5.38 |     1.0 |     0.5 |            8.0 |        0.02 |     0.3361993867092269 |               70000000.0 |  2.818787837405331e-19 |  9.454806637883106e-20 |
|     5.38 |     1.0 |     0.5 |           8.25 |        0.02 |     0.5978564470527317 |       124479558.70272458 |  5.012592372526046e-19 | 1.6813287970046866e-19 |
|     5.38 |     1.0 |     0.5 |            8.5 |        0.02 |     1.0631558099528982 |       221359436.21178657 |  8.913789806981225e-19 |  2.989872381218947e-19 |
|     5.38 |     1.0 |     0.5 |           8.75 |        0.02 |      1.890588086502493 |       393638927.63324434 | 1.5851208879169527e-18 |  5.316828494165696e-19 |
|     5.38 |     1.0 |     0.5 |            9.0 |        0.02 |     3.3619938670922696 |              700000000.0 |  2.818787837405333e-18 |  9.454806637883109e-19 |
|     5.38 |     1.0 |     0.5 |           9.25 |        0.02 |      5.978564470527317 |       1244795587.0272458 | 5.0125923725260454e-18 | 1.6813287970046868e-18 |
|     5.38 |     1.0 |     0.5 |            9.5 |        0.02 |     10.631558099528982 |       2213594362.1178656 |  8.913789806981219e-18 | 2.9898723812189456e-18 |
|     5.38 |     1.0 |     0.5 |           9.75 |        0.02 |      18.90588086502493 |        3936389276.332443 |  1.585120887916953e-17 |  5.316828494165697e-18 |
|     5.38 |     1.0 |     0.5 |           10.0 |        0.02 |     33.619938670922686 |             7000000000.0 |  2.818787837405329e-17 |    9.4548066378831e-18 |
|     5.38 |     1.0 |     0.5 |          10.25 |        0.02 |      59.78564470527317 |       12447955870.272459 |  5.012592372526043e-17 | 1.6813287970046855e-17 |
|     5.38 |     1.0 |     0.5 |           10.5 |        0.02 |      106.3155809952898 |       22135943621.178654 |  8.913789806981218e-17 | 2.9898723812189453e-17 |
|     5.38 |     1.0 |     0.5 |          10.75 |        0.02 |     189.05880865024926 |        39363892763.32443 |  1.585120887916952e-16 | 5.3168284941656936e-17 |
|     5.38 |     1.0 |     0.5 |           11.0 |        0.02 |     336.19938670922687 |            70000000000.0 |   2.81878783740533e-16 |  9.454806637883103e-17 |
|     5.38 |     1.0 |     0.5 |          11.25 |        0.02 |      597.8564470527317 |       124479558702.72458 |  5.012592372526044e-16 | 1.6813287970046858e-16 |
|     5.38 |     1.0 |     0.8 |            8.0 |        0.02 |    0.18799601787637693 |               70000000.0 | 1.5797985886131881e-19 |  5.298071979390216e-20 |
|     5.38 |     1.0 |     0.8 |           8.25 |        0.02 |    0.33430944775887034 |       124479558.70272458 |  2.809323302139384e-19 |  9.421452313853778e-20 |
|     5.38 |     1.0 |     0.8 |            8.5 |        0.02 |     0.5944956075310821 |       221359436.21178657 |  4.995761784337021e-19 | 1.6753974662389748e-19 |
|     5.38 |     1.0 |     0.8 |           8.75 |        0.02 |     1.0571792982311037 |       393638927.63324434 |  8.883860318545835e-19 | 2.9793248178441505e-19 |
|     5.38 |     1.0 |     0.8 |            9.0 |        0.02 |     1.8799601787637694 |              700000000.0 | 1.5797985886131877e-18 |  5.298071979390214e-19 |
|     5.38 |     1.0 |     0.8 |           9.25 |        0.02 |      3.343094477588703 |       1244795587.0272458 | 2.8093233021393836e-18 |  9.421452313853781e-19 |
|     5.38 |     1.0 |     0.8 |            9.5 |        0.02 |       5.94495607531082 |       2213594362.1178656 |   4.99576178433702e-18 | 1.6753974662389745e-18 |
|     5.38 |     1.0 |     0.8 |           9.75 |        0.02 |     10.571792982311036 |        3936389276.332443 |  8.883860318545835e-18 | 2.9793248178441493e-18 |
|     5.38 |     1.0 |     0.8 |           10.0 |        0.02 |      18.79960178763769 |             7000000000.0 |  1.579798588613188e-17 |  5.298071979390214e-18 |
|     5.38 |     1.0 |     0.8 |          10.25 |        0.02 |     33.430944775887035 |       12447955870.272459 | 2.8093233021393814e-17 |  9.421452313853774e-18 |
|     5.38 |     1.0 |     0.8 |           10.5 |        0.02 |      59.44956075310821 |       22135943621.178654 | 4.9957617843370216e-17 | 1.6753974662389747e-17 |
|     5.38 |     1.0 |     0.8 |          10.75 |        0.02 |     105.71792982311035 |        39363892763.32443 |  8.883860318545832e-17 |  2.979324817844149e-17 |
|     5.38 |     1.0 |     0.8 |           11.0 |        0.02 |     187.99601787637695 |            70000000000.0 |  1.579798588613188e-16 | 5.2980719793902144e-17 |
|     5.38 |     1.0 |     0.8 |          11.25 |        0.02 |     334.30944775887036 |       124479558702.72458 |  2.809323302139384e-16 |  9.421452313853781e-17 |
|     5.38 |     1.0 |     1.0 |            8.0 |        0.02 |    0.13922111911773338 |               70000000.0 | 1.1708236585548567e-19 | 3.9262955191715133e-20 |
|     5.38 |     1.0 |     1.0 |           8.25 |        0.02 |     0.2475740495696415 |       124479558.70272458 | 2.0820516047945443e-19 |  6.982050479470787e-20 |
|     5.38 |     1.0 |     1.0 |            8.5 |        0.02 |     0.4402558348096492 |       221359436.21178657 |  3.702469499444631e-19 | 1.2416036607495278e-19 |
|     5.38 |     1.0 |     1.0 |           8.75 |        0.02 |     0.7828978861914964 |       393638927.63324434 |  6.584025277159506e-19 |  2.207918225339838e-19 |
|     5.38 |     1.0 |     1.0 |            9.0 |        0.02 |     1.3922111911773338 |              700000000.0 | 1.1708236585548563e-18 | 3.9262955191715126e-19 |
|     5.38 |     1.0 |     1.0 |           9.25 |        0.02 |      2.475740495696415 |       1244795587.0272458 | 2.0820516047945422e-18 |  6.982050479470781e-19 |
|     5.38 |     1.0 |     1.0 |            9.5 |        0.02 |      4.402558348096492 |       2213594362.1178656 | 3.7024694994446315e-18 | 1.2416036607495282e-18 |
|     5.38 |     1.0 |     1.0 |           9.75 |        0.02 |      7.828978861914964 |        3936389276.332443 | 6.5840252771595074e-18 | 2.2079182253398383e-18 |
|     5.38 |     1.0 |     1.0 |           10.0 |        0.02 |     13.922111911773339 |             7000000000.0 |  1.170823658554856e-17 | 3.9262955191715105e-18 |
|     5.38 |     1.0 |     1.0 |          10.25 |        0.02 |      24.75740495696415 |       12447955870.272459 | 2.0820516047945424e-17 |  6.982050479470782e-18 |
|     5.38 |     1.0 |     1.0 |           10.5 |        0.02 |      44.02558348096491 |       22135943621.178654 |  3.702469499444634e-17 | 1.2416036607495284e-17 |
|     5.38 |     1.0 |     1.0 |          10.75 |        0.02 |      78.28978861914963 |        39363892763.32443 |  6.584025277159505e-17 |  2.207918225339837e-17 |
|     5.38 |     1.0 |     1.0 |           11.0 |        0.02 |     139.22111911773337 |            70000000000.0 | 1.1708236585548557e-16 | 3.9262955191715116e-17 |
|     5.38 |     1.0 |     1.0 |          11.25 |        0.02 |     247.57404956964152 |       124479558702.72458 | 2.0820516047945434e-16 |  6.982050479470784e-17 |
|     5.38 |     3.0 |    0.01 |            8.0 |        0.02 |     19.977783952545465 |               70000000.0 | 1.1874503105782574e-17 |  4.108398176154291e-18 |
|     5.38 |     3.0 |    0.01 |           8.25 |        0.02 |      35.52608186101761 |       124479558.70272458 |  2.111618437745641e-17 |  7.305879884896644e-18 |
|     5.38 |     3.0 |    0.01 |            8.5 |        0.02 |      63.17529989280488 |       221359436.21178657 |  3.755047589701625e-17 | 1.2991895771529228e-17 |
|     5.38 |     3.0 |    0.01 |           8.75 |        0.02 |     112.34333502240908 |       393638927.63324434 |  6.677523812482694e-17 | 2.3103220747882193e-17 |
|     5.38 |     3.0 |    0.01 |            9.0 |        0.02 |     199.77783952545468 |              700000000.0 | 1.1874503105782566e-16 | 4.1083981761542886e-17 |
|     5.38 |     3.0 |    0.01 |           9.25 |        0.02 |     355.26081861017605 |       1244795587.0272458 |  2.111618437745639e-16 |  7.305879884896636e-17 |
|     5.38 |     3.0 |    0.01 |            9.5 |        0.02 |      631.7529989280487 |       2213594362.1178656 |  3.755047589701631e-16 | 1.2991895771529246e-16 |
|     5.38 |     3.0 |    0.01 |           9.75 |        0.02 |     1123.4333502240909 |        3936389276.332443 |  6.677523812482691e-16 | 2.3103220747882177e-16 |
|     5.38 |     3.0 |    0.01 |           10.0 |        0.02 |     1997.7783952545465 |             7000000000.0 |  1.187450310578258e-15 |  4.108398176154294e-16 |
|     5.38 |     3.0 |    0.01 |          10.25 |        0.02 |      3552.608186101761 |       12447955870.272459 | 2.1116184377456407e-15 |  7.305879884896646e-16 |
|     5.38 |     3.0 |    0.01 |           10.5 |        0.02 |      6317.529989280486 |       22135943621.178654 |  3.755047589701626e-15 | 1.2991895771529223e-15 |
|     5.38 |     3.0 |    0.01 |          10.75 |        0.02 |     11234.333502240906 |        39363892763.32443 |  6.677523812482689e-15 | 2.3103220747882177e-15 |
|     5.38 |     3.0 |    0.01 |           11.0 |        0.02 |     19977.783952545466 |            70000000000.0 | 1.1874503105782574e-14 |  4.108398176154291e-15 |
|     5.38 |     3.0 |    0.01 |          11.25 |        0.02 |      35526.08186101761 |       124479558702.72458 |  2.111618437745639e-14 |  7.305879884896637e-15 |
|     5.38 |     3.0 |     0.1 |            8.0 |        0.02 |     1.9778396429633662 |               70000000.0 | 1.6149884523335905e-18 |  5.427922111193808e-19 |
|     5.38 |     3.0 |     0.1 |           8.25 |        0.02 |     3.5171515134404885 |       124479558.70272458 | 2.8719007122354513e-18 |  9.652362129630948e-19 |
|     5.38 |     3.0 |     0.1 |            8.5 |        0.02 |      6.254478118338457 |       221359436.21178657 |  5.107041904244423e-18 |  1.716459683336217e-18 |
|     5.38 |     3.0 |     0.1 |           8.75 |        0.02 |     11.122209658380264 |       393638927.63324434 |   9.08174746452383e-18 | 3.0523449130387243e-18 |
|     5.38 |     3.0 |     0.1 |            9.0 |        0.02 |     19.778396429633663 |              700000000.0 | 1.6149884523335914e-17 |  5.427922111193809e-18 |
|     5.38 |     3.0 |     0.1 |           9.25 |        0.02 |      35.17151513440489 |       1244795587.0272458 |  2.871900712235451e-17 |  9.652362129630951e-18 |
|     5.38 |     3.0 |     0.1 |            9.5 |        0.02 |     62.544781183384565 |       2213594362.1178656 |  5.107041904244421e-17 | 1.7164596833362167e-17 |
|     5.38 |     3.0 |     0.1 |           9.75 |        0.02 |     111.22209658380264 |        3936389276.332443 |  9.081747464523826e-17 | 3.0523449130387233e-17 |
|     5.38 |     3.0 |     0.1 |           10.0 |        0.02 |     197.78396429633665 |             7000000000.0 | 1.6149884523335913e-16 |   5.42792211119381e-17 |
|     5.38 |     3.0 |     0.1 |          10.25 |        0.02 |      351.7151513440489 |       12447955870.272459 |  2.871900712235452e-16 |  9.652362129630951e-17 |
|     5.38 |     3.0 |     0.1 |           10.5 |        0.02 |      625.4478118338457 |       22135943621.178654 |  5.107041904244424e-16 | 1.7164596833362176e-16 |
|     5.38 |     3.0 |     0.1 |          10.75 |        0.02 |     1112.2209658380264 |        39363892763.32443 |  9.081747464523821e-16 | 3.0523449130387226e-16 |
|     5.38 |     3.0 |     0.1 |           11.0 |        0.02 |     1977.8396429633663 |            70000000000.0 | 1.6149884523335909e-15 |  5.427922111193809e-16 |
|     5.38 |     3.0 |     0.1 |          11.25 |        0.02 |     3517.1515134404885 |       124479558702.72458 | 2.8719007122354534e-15 |  9.652362129630954e-16 |
|     5.38 |     3.0 |     0.2 |            8.0 |        0.02 |     0.9779017801680627 |               70000000.0 |  8.108347599378764e-19 | 2.7219885557928933e-19 |
|     5.38 |     3.0 |     0.2 |           8.25 |        0.02 |     1.7389826007132747 |       124479558.70272458 | 1.4418907585413784e-18 |  4.840456203128086e-19 |
|     5.38 |     3.0 |     0.2 |            8.5 |        0.02 |      3.092396953264354 |       221359436.21178657 | 2.5640846474395364e-18 |  8.607683601217857e-19 |
|     5.38 |     3.0 |     0.2 |           8.75 |        0.02 |      5.499145829657099 |       393638927.63324434 | 4.5596589341386375e-18 | 1.5306866516175394e-18 |
|     5.38 |     3.0 |     0.2 |            9.0 |        0.02 |      9.779017801680627 |              700000000.0 |  8.108347599378761e-18 | 2.7219885557928932e-18 |
|     5.38 |     3.0 |     0.2 |           9.25 |        0.02 |     17.389826007132747 |       1244795587.0272458 |  1.441890758541379e-17 | 4.8404562031280875e-18 |
|     5.38 |     3.0 |     0.2 |            9.5 |        0.02 |     30.923969532643543 |       2213594362.1178656 |  2.564084647439535e-17 |   8.60768360121785e-18 |
|     5.38 |     3.0 |     0.2 |           9.75 |        0.02 |      54.99145829657098 |        3936389276.332443 |  4.559658934138637e-17 |  1.530686651617539e-17 |
|     5.38 |     3.0 |     0.2 |           10.0 |        0.02 |      97.79017801680628 |             7000000000.0 |  8.108347599378762e-17 |  2.721988555792894e-17 |
|     5.38 |     3.0 |     0.2 |          10.25 |        0.02 |      173.8982600713275 |       12447955870.272459 | 1.4418907585413781e-16 |  4.840456203128086e-17 |
|     5.38 |     3.0 |     0.2 |           10.5 |        0.02 |      309.2396953264354 |       22135943621.178654 |  2.564084647439537e-16 |  8.607683601217854e-17 |
|     5.38 |     3.0 |     0.2 |          10.75 |        0.02 |      549.9145829657099 |        39363892763.32443 |  4.559658934138636e-16 | 1.5306866516175392e-16 |
|     5.38 |     3.0 |     0.2 |           11.0 |        0.02 |      977.9017801680627 |            70000000000.0 |  8.108347599378765e-16 | 2.7219885557928943e-16 |
|     5.38 |     3.0 |     0.2 |          11.25 |        0.02 |      1738.982600713275 |       124479558702.72458 |  1.441890758541377e-15 |   4.84045620312808e-16 |
|     5.38 |     3.0 |     0.3 |            8.0 |        0.02 |     0.6446308536643959 |               70000000.0 |  5.372208052111289e-19 | 1.8027686541915454e-19 |
|     5.38 |     3.0 |     0.3 |           8.25 |        0.02 |     1.1463337741472093 |       124479558.70272458 |  9.553286965514815e-19 | 3.2058263788124035e-19 |
|     5.38 |     3.0 |     0.3 |            8.5 |        0.02 |     2.0385017475981915 |       221359436.21178657 | 1.6988413508968217e-18 |  5.700855041601738e-19 |
|     5.38 |     3.0 |     0.3 |           8.75 |        0.02 |     3.6250256850822247 |       393638927.63324434 | 3.0210145952225272e-18 |  1.013771314009696e-18 |
|     5.38 |     3.0 |     0.3 |            9.0 |        0.02 |       6.44630853664396 |              700000000.0 | 5.3722080521112876e-18 |  1.802768654191545e-18 |
|     5.38 |     3.0 |     0.3 |           9.25 |        0.02 |     11.463337741472094 |       1244795587.0272458 |  9.553286965514815e-18 | 3.2058263788124037e-18 |
|     5.38 |     3.0 |     0.3 |            9.5 |        0.02 |      20.38501747598191 |       2213594362.1178656 |  1.698841350896822e-17 | 5.7008550416017376e-18 |
|     5.38 |     3.0 |     0.3 |           9.75 |        0.02 |     36.250256850822254 |        3936389276.332443 | 3.0210145952225266e-17 | 1.0137713140096955e-17 |
|     5.38 |     3.0 |     0.3 |           10.0 |        0.02 |       64.4630853664396 |             7000000000.0 |  5.372208052111293e-17 | 1.8027686541915458e-17 |
|     5.38 |     3.0 |     0.3 |          10.25 |        0.02 |     114.63337741472095 |       12447955870.272459 |  9.553286965514821e-17 | 3.2058263788124053e-17 |
|     5.38 |     3.0 |     0.3 |           10.5 |        0.02 |      203.8501747598191 |       22135943621.178654 | 1.6988413508968223e-16 |  5.700855041601739e-17 |
|     5.38 |     3.0 |     0.3 |          10.75 |        0.02 |      362.5025685082224 |        39363892763.32443 |  3.021014595222526e-16 | 1.0137713140096953e-16 |
|     5.38 |     3.0 |     0.3 |           11.0 |        0.02 |       644.630853664396 |            70000000000.0 |  5.372208052111287e-16 | 1.8027686541915445e-16 |
|     5.38 |     3.0 |     0.3 |          11.25 |        0.02 |     1146.3337741472092 |       124479558702.72458 |  9.553286965514807e-16 |  3.205826378812401e-16 |
|     5.38 |     3.0 |     0.4 |            8.0 |        0.02 |      0.478026860984229 |               70000000.0 | 3.9938517517520004e-19 |  1.339973911415032e-19 |
|     5.38 |     3.0 |     0.4 |           8.25 |        0.02 |     0.8500653243337928 |       124479558.70272458 |  7.102184336888464e-19 |  2.382848016658671e-19 |
|     5.38 |     3.0 |     0.4 |            8.5 |        0.02 |     1.5116536634508428 |       221359436.21178657 | 1.2629668172589706e-18 | 4.2373695652762026e-19 |
|     5.38 |     3.0 |     0.4 |           8.75 |        0.02 |     2.6881425848245417 |       393638927.63324434 |  2.245907886694017e-18 |  7.535227050656247e-19 |
|     5.38 |     3.0 |     0.4 |            9.0 |        0.02 |       4.78026860984229 |              700000000.0 | 3.9938517517520016e-18 | 1.3399739114150324e-18 |
|     5.38 |     3.0 |     0.4 |           9.25 |        0.02 |       8.50065324333793 |       1244795587.0272458 |  7.102184336888466e-18 | 2.3828480166586702e-18 |
|     5.38 |     3.0 |     0.4 |            9.5 |        0.02 |     15.116536634508428 |       2213594362.1178656 |  1.262966817258971e-17 |  4.237369565276203e-18 |
|     5.38 |     3.0 |     0.4 |           9.75 |        0.02 |     26.881425848245414 |        3936389276.332443 | 2.2459078866940175e-17 |  7.535227050656247e-18 |
|     5.38 |     3.0 |     0.4 |           10.0 |        0.02 |       47.8026860984229 |             7000000000.0 |  3.993851751752002e-17 | 1.3399739114150325e-17 |
|     5.38 |     3.0 |     0.4 |          10.25 |        0.02 |       85.0065324333793 |       12447955870.272459 |  7.102184336888466e-17 | 2.3828480166586712e-17 |
|     5.38 |     3.0 |     0.4 |           10.5 |        0.02 |      151.1653663450843 |       22135943621.178654 | 1.2629668172589704e-16 |  4.237369565276201e-17 |
|     5.38 |     3.0 |     0.4 |          10.75 |        0.02 |      268.8142584824541 |        39363892763.32443 |  2.245907886694016e-16 |  7.535227050656241e-17 |
|     5.38 |     3.0 |     0.4 |           11.0 |        0.02 |       478.026860984229 |            70000000000.0 |  3.993851751752002e-16 | 1.3399739114150329e-16 |
|     5.38 |     3.0 |     0.4 |          11.25 |        0.02 |       850.065324333793 |       124479558702.72458 |  7.102184336888465e-16 |  2.382848016658671e-16 |
|     5.38 |     3.0 |     0.5 |            8.0 |        0.02 |     0.3780897995870824 |               70000000.0 |  3.163667893037916e-19 | 1.0613187083992463e-19 |
|     5.38 |     3.0 |     0.5 |           8.25 |        0.02 |     0.6723493057514515 |       124479558.70272458 |  5.625885474390547e-19 | 1.8873212066354833e-19 |
|     5.38 |     3.0 |     0.5 |            8.5 |        0.02 |     1.1956249267717705 |       221359436.21178657 | 1.0004396302345772e-18 | 3.3561844418896975e-19 |
|     5.38 |     3.0 |     0.5 |           8.75 |        0.02 |     2.1261551894075343 |       393638927.63324434 | 1.7790611954330996e-18 |  5.968233689305414e-19 |
|     5.38 |     3.0 |     0.5 |            9.0 |        0.02 |      3.780897995870824 |              700000000.0 | 3.1636678930379167e-18 |  1.061318708399247e-18 |
|     5.38 |     3.0 |     0.5 |           9.25 |        0.02 |     6.7234930575145135 |       1244795587.0272458 |  5.625885474390546e-18 | 1.8873212066354833e-18 |
|     5.38 |     3.0 |     0.5 |            9.5 |        0.02 |     11.956249267717705 |       2213594362.1178656 | 1.0004396302345763e-17 |  3.356184441889694e-18 |
|     5.38 |     3.0 |     0.5 |           9.75 |        0.02 |     21.261551894075343 |        3936389276.332443 | 1.7790611954331017e-17 |   5.96823368930542e-18 |
|     5.38 |     3.0 |     0.5 |           10.0 |        0.02 |     37.808979958708235 |             7000000000.0 |  3.163667893037914e-17 |  1.061318708399246e-17 |
|     5.38 |     3.0 |     0.5 |          10.25 |        0.02 |      67.23493057514514 |       12447955870.272459 |  5.625885474390543e-17 | 1.8873212066354822e-17 |
|     5.38 |     3.0 |     0.5 |           10.5 |        0.02 |     119.56249267717705 |       22135943621.178654 | 1.0004396302345759e-16 |  3.356184441889693e-17 |
|     5.38 |     3.0 |     0.5 |          10.75 |        0.02 |     212.61551894075342 |        39363892763.32443 | 1.7790611954331006e-16 |  5.968233689305417e-17 |
|     5.38 |     3.0 |     0.5 |           11.0 |        0.02 |      378.0897995870824 |            70000000000.0 | 3.1636678930379163e-16 | 1.0613187083992464e-16 |
|     5.38 |     3.0 |     0.5 |          11.25 |        0.02 |      672.3493057514514 |       124479558702.72458 |  5.625885474390547e-16 | 1.8873212066354833e-16 |
|     5.38 |     3.0 |     0.8 |            8.0 |        0.02 |     0.2282801766007249 |               70000000.0 | 1.9144781022780796e-19 |   6.42142480245929e-20 |
|     5.38 |     3.0 |     0.8 |           8.25 |        0.02 |    0.40594593776911814 |       124479558.70272458 | 3.4044769902514974e-19 | 1.1419087509326606e-19 |
|     5.38 |     3.0 |     0.8 |            8.5 |        0.02 |     0.7218853027237648 |       221359436.21178657 |  6.054111333715518e-19 | 2.0306328199268143e-19 |
|     5.38 |     3.0 |     0.8 |           8.75 |        0.02 |     1.2837137702433858 |       393638927.63324434 | 1.0765901530829588e-18 |   3.61103253302513e-19 |
|     5.38 |     3.0 |     0.8 |            9.0 |        0.02 |      2.282801766007249 |              700000000.0 |  1.914478102278079e-18 | 6.4214248024592895e-19 |
|     5.38 |     3.0 |     0.8 |           9.25 |        0.02 |      4.059459377691182 |       1244795587.0272458 |    3.4044769902515e-18 | 1.1419087509326615e-18 |
|     5.38 |     3.0 |     0.8 |            9.5 |        0.02 |      7.218853027237647 |       2213594362.1178656 |  6.054111333715519e-18 | 2.0306328199268146e-18 |
|     5.38 |     3.0 |     0.8 |           9.75 |        0.02 |     12.837137702433857 |        3936389276.332443 | 1.0765901530829595e-17 | 3.6110325330251316e-18 |
|     5.38 |     3.0 |     0.8 |           10.0 |        0.02 |      22.82801766007249 |             7000000000.0 | 1.9144781022780773e-17 |  6.421424802459284e-18 |
|     5.38 |     3.0 |     0.8 |          10.25 |        0.02 |      40.59459377691182 |       12447955870.272459 |  3.404476990251498e-17 | 1.1419087509326609e-17 |
|     5.38 |     3.0 |     0.8 |           10.5 |        0.02 |      72.18853027237647 |       22135943621.178654 |  6.054111333715517e-17 | 2.0306328199268144e-17 |
|     5.38 |     3.0 |     0.8 |          10.75 |        0.02 |     128.37137702433856 |        39363892763.32443 |  1.076590153082959e-16 |  3.611032533025131e-17 |
|     5.38 |     3.0 |     0.8 |           11.0 |        0.02 |     228.28017660072487 |            70000000000.0 |  1.914478102278079e-16 |   6.42142480245929e-17 |
|     5.38 |     3.0 |     0.8 |          11.25 |        0.02 |     405.94593776911825 |       124479558702.72458 | 3.4044769902514986e-16 |  1.141908750932661e-16 |
|     5.38 |     3.0 |     1.0 |            8.0 |        0.02 |     0.1784083678551618 |               70000000.0 |  1.497368509006744e-19 | 5.0220972681812987e-20 |
|     5.38 |     3.0 |     1.0 |           8.25 |        0.02 |    0.31725992713548423 |       124479558.70272458 |  2.662739588807375e-19 |   8.93069216721953e-20 |
|     5.38 |     3.0 |     1.0 |            8.5 |        0.02 |     0.5641767960554804 |       221359436.21178657 |  4.735094985071661e-19 | 1.5881265998362366e-19 |
|     5.38 |     3.0 |     1.0 |           8.75 |        0.02 |     1.0032639800471896 |       393638927.63324434 |  8.420321916531496e-19 |  2.824132833023904e-19 |
|     5.38 |     3.0 |     1.0 |            9.0 |        0.02 |     1.7840836785516176 |              700000000.0 | 1.4973685090067439e-18 |  5.022097268181299e-19 |
|     5.38 |     3.0 |     1.0 |           9.25 |        0.02 |     3.1725992713548425 |       1244795587.0272458 |  2.662739588807372e-18 |  8.930692167219517e-19 |
|     5.38 |     3.0 |     1.0 |            9.5 |        0.02 |      5.641767960554805 |       2213594362.1178656 |  4.735094985071659e-18 | 1.5881265998362363e-18 |
|     5.38 |     3.0 |     1.0 |           9.75 |        0.02 |     10.032639800471895 |        3936389276.332443 |  8.420321916531496e-18 |  2.824132833023903e-18 |
|     5.38 |     3.0 |     1.0 |           10.0 |        0.02 |     17.840836785516178 |             7000000000.0 | 1.4973685090067447e-17 |  5.022097268181303e-18 |
|     5.38 |     3.0 |     1.0 |          10.25 |        0.02 |      31.72599271354842 |       12447955870.272459 |  2.662739588807375e-17 |  8.930692167219527e-18 |
|     5.38 |     3.0 |     1.0 |           10.5 |        0.02 |      56.41767960554805 |       22135943621.178654 |  4.735094985071658e-17 | 1.5881265998362353e-17 |
|     5.38 |     3.0 |     1.0 |          10.75 |        0.02 |     100.32639800471894 |        39363892763.32443 |  8.420321916531485e-17 |  2.824132833023899e-17 |
|     5.38 |     3.0 |     1.0 |           11.0 |        0.02 |     178.40836785516177 |            70000000000.0 | 1.4973685090067434e-16 | 5.0220972681812985e-17 |
|     5.38 |     3.0 |     1.0 |          11.25 |        0.02 |      317.2599271354842 |       124479558702.72458 | 2.6627395888073744e-16 |  8.930692167219528e-17 |
