| redshift | tau_gyr | age_gyr | log_massformed | metallicity |   sfr_inst_msun_per_yr | stellar_mass_living_msun |  halpha_flux_erg_s_cm2 |    oiii_flux_erg_s_cm2 |
|     4.76 |     0.1 |    0.01 |            8.0 |        0.02 |     19.338925609931877 |               70000000.0 |  1.567276414529137e-17 |  5.417861044688131e-18 |
|     4.76 |     0.1 |    0.01 |           8.25 |        0.02 |      34.39001322441627 |       124479558.70272458 |  2.787055377796792e-17 |   9.63447074222087e-18 |
|     4.76 |     0.1 |    0.01 |            8.5 |        0.02 |      61.15505242794573 |       221359436.21178657 | 4.9561631929742886e-17 | 1.7132780947513796e-17 |
|     4.76 |     0.1 |    0.01 |           8.75 |        0.02 |     108.75077055246673 |       393638927.63324434 |   8.81344295885894e-17 |  3.046687159567093e-17 |
|     4.76 |     0.1 |    0.01 |            9.0 |        0.02 |      193.3892560993188 |              700000000.0 | 1.5672764145291375e-16 |  5.417861044688134e-17 |
|     4.76 |     0.1 |    0.01 |           9.25 |        0.02 |     343.90013224416276 |       1244795587.0272458 |  2.787055377796793e-16 |  9.634470742220872e-17 |
|     4.76 |     0.1 |    0.01 |            9.5 |        0.02 |      611.5505242794572 |       2213594362.1178656 |  4.956163192974287e-16 |   1.71327809475138e-16 |
|     4.76 |     0.1 |    0.01 |           9.75 |        0.02 |     1087.5077055246672 |        3936389276.332443 |  8.813442958858936e-16 |  3.046687159567092e-16 |
|     4.76 |     0.1 |    0.01 |           10.0 |        0.02 |     1933.8925609931878 |             7000000000.0 | 1.5672764145291376e-15 |  5.417861044688133e-16 |
|     4.76 |     0.1 |    0.01 |          10.25 |        0.02 |     3439.0013224416275 |       12447955870.272459 | 2.7870553777967908e-15 |  9.634470742220866e-16 |
|     4.76 |     0.1 |    0.01 |           10.5 |        0.02 |      6115.505242794573 |       22135943621.178654 |  4.956163192974282e-15 | 1.7132780947513777e-15 |
|     4.76 |     0.1 |    0.01 |          10.75 |        0.02 |     10875.077055246671 |        39363892763.32443 |   8.81344295885894e-15 | 3.0466871595670916e-15 |
|     4.76 |     0.1 |    0.01 |           11.0 |        0.02 |     19338.925609931877 |            70000000000.0 |  1.567276414529137e-14 |  5.417861044688129e-15 |
|     4.76 |     0.1 |    0.01 |          11.25 |        0.02 |      34390.01322441628 |       124479558702.72458 |  2.787055377796792e-14 |   9.63447074222087e-15 |
|     4.76 |     0.1 |     0.1 |            8.0 |        0.02 |     1.3922111911773336 |               70000000.0 | 1.5593589542829024e-18 |  5.229828667480158e-19 |
|     4.76 |     0.1 |     0.1 |           8.25 |        0.02 |      2.475740495696415 |       124479558.70272458 | 2.7729759212611137e-18 |  9.300096637411264e-19 |
|     4.76 |     0.1 |     0.1 |            8.5 |        0.02 |      4.402558348096492 |       221359436.21178657 |   4.93112598531235e-18 | 1.6538170361680665e-18 |
|     4.76 |     0.1 |     0.1 |           8.75 |        0.02 |      7.828978861914962 |       393638927.63324434 |  8.768919807988848e-18 |   2.94094878338927e-18 |
|     4.76 |     0.1 |     0.1 |            9.0 |        0.02 |     13.922111911773339 |              700000000.0 | 1.5593589542829038e-17 | 5.2298286674801595e-18 |
|     4.76 |     0.1 |     0.1 |           9.25 |        0.02 |     24.757404956964145 |       1244795587.0272458 |  2.772975921261112e-17 |  9.300096637411259e-18 |
|     4.76 |     0.1 |     0.1 |            9.5 |        0.02 |     44.025583480964904 |       2213594362.1178656 | 4.9311259853123536e-17 | 1.6538170361680676e-17 |
|     4.76 |     0.1 |     0.1 |           9.75 |        0.02 |      78.28978861914963 |        3936389276.332443 |  8.768919807988849e-17 | 2.9409487833892706e-17 |
|     4.76 |     0.1 |     0.1 |           10.0 |        0.02 |     139.22111911773337 |             7000000000.0 | 1.5593589542829034e-16 | 5.2298286674801586e-17 |
|     4.76 |     0.1 |     0.1 |          10.25 |        0.02 |     247.57404956964152 |       12447955870.272459 |  2.772975921261112e-16 |  9.300096637411263e-17 |
|     4.76 |     0.1 |     0.1 |           10.5 |        0.02 |     440.25583480964906 |       22135943621.178654 |  4.931125985312351e-16 | 1.6538170361680673e-16 |
|     4.76 |     0.1 |     0.1 |          10.75 |        0.02 |      782.8978861914962 |        39363892763.32443 |  8.768919807988842e-16 |  2.940948783389268e-16 |
|     4.76 |     0.1 |     0.1 |           11.0 |        0.02 |     1392.2111911773338 |            70000000000.0 | 1.5593589542829037e-15 |   5.22982866748016e-16 |
|     4.76 |     0.1 |     0.1 |          11.25 |        0.02 |     2475.7404956964147 |       124479558702.72458 |  2.772975921261114e-15 |  9.300096637411263e-16 |
|     4.76 |     0.1 |     0.2 |            8.0 |        0.02 |     0.4556788418556052 |               70000000.0 |  5.184012447441123e-19 | 1.7365092645884256e-19 |
|     4.76 |     0.1 |     0.2 |           8.25 |        0.02 |     0.8103243020622052 |       124479558.70272458 |  9.218622596670033e-19 |  3.087998670559428e-19 |
|     4.76 |     0.1 |     0.2 |            8.5 |        0.02 |     1.4409830218113802 |       221359436.21178657 | 1.6393286752577872e-18 |  5.491324454083401e-19 |
|     4.76 |     0.1 |     0.2 |           8.75 |        0.02 |     2.5624704379028453 |       393638927.63324434 |  2.915184429497305e-18 |  9.765109210539734e-19 |
|     4.76 |     0.1 |     0.2 |            9.0 |        0.02 |      4.556788418556052 |              700000000.0 |  5.184012447441122e-18 | 1.7365092645884252e-18 |
|     4.76 |     0.1 |     0.2 |           9.25 |        0.02 |      8.103243020622052 |       1244795587.0272458 |  9.218622596670023e-18 |  3.087998670559427e-18 |
|     4.76 |     0.1 |     0.2 |            9.5 |        0.02 |     14.409830218113802 |       2213594362.1178656 | 1.6393286752577875e-17 | 5.4913244540833994e-18 |
|     4.76 |     0.1 |     0.2 |           9.75 |        0.02 |     25.624704379028454 |        3936389276.332443 |  2.915184429497307e-17 |  9.765109210539736e-18 |
|     4.76 |     0.1 |     0.2 |           10.0 |        0.02 |     45.567884185560516 |             7000000000.0 |  5.184012447441119e-17 |  1.736509264588424e-17 |
|     4.76 |     0.1 |     0.2 |          10.25 |        0.02 |      81.03243020622054 |       12447955870.272459 |  9.218622596670024e-17 |  3.087998670559426e-17 |
|     4.76 |     0.1 |     0.2 |           10.5 |        0.02 |       144.098302181138 |       22135943621.178654 | 1.6393286752577858e-16 |  5.491324454083396e-17 |
|     4.76 |     0.1 |     0.2 |          10.75 |        0.02 |     256.24704379028447 |        39363892763.32443 | 2.9151844294973067e-16 |  9.765109210539736e-17 |
|     4.76 |     0.1 |     0.2 |           11.0 |        0.02 |      455.6788418556052 |            70000000000.0 |   5.18401244744112e-16 | 1.7365092645884242e-16 |
|     4.76 |     0.1 |     0.2 |          11.25 |        0.02 |      810.3243020622052 |       124479558702.72458 |   9.21862259667003e-16 | 3.0879986705594273e-16 |
|     4.76 |     0.1 |     0.3 |            8.0 |        0.02 |    0.18650294449763954 |               70000000.0 | 2.1327426857689858e-19 |  7.141283217715533e-20 |
|     4.76 |     0.1 |     0.3 |           8.25 |        0.02 |     0.3316543461117844 |       124479558.70272458 | 3.7926124050140993e-19 | 1.2699196907320037e-19 |
|     4.76 |     0.1 |     0.3 |            8.5 |        0.02 |     0.5897740949405087 |       221359436.21178657 |  6.744324550094775e-19 | 2.2582720384317193e-19 |
|     4.76 |     0.1 |     0.3 |           8.75 |        0.02 |     1.0487831296070476 |       393638927.63324434 |  1.199329348205356e-18 | 4.0158386682097537e-19 |
|     4.76 |     0.1 |     0.3 |            9.0 |        0.02 |     1.8650294449763956 |              700000000.0 |  2.132742685768986e-18 |  7.141283217715536e-19 |
|     4.76 |     0.1 |     0.3 |           9.25 |        0.02 |     3.3165434611178437 |       1244795587.0272458 |  3.792612405014097e-18 | 1.2699196907320032e-18 |
|     4.76 |     0.1 |     0.3 |            9.5 |        0.02 |      5.897740949405087 |       2213594362.1178656 |  6.744324550094775e-18 |  2.258272038431719e-18 |
|     4.76 |     0.1 |     0.3 |           9.75 |        0.02 |     10.487831296070476 |        3936389276.332443 | 1.1993293482053567e-17 |  4.015838668209756e-18 |
|     4.76 |     0.1 |     0.3 |           10.0 |        0.02 |     18.650294449763955 |             7000000000.0 | 2.1327426857689856e-17 |  7.141283217715535e-18 |
|     4.76 |     0.1 |     0.3 |          10.25 |        0.02 |      33.16543461117844 |       12447955870.272459 | 3.7926124050141005e-17 | 1.2699196907320043e-17 |
|     4.76 |     0.1 |     0.3 |           10.5 |        0.02 |      58.97740949405087 |       22135943621.178654 |  6.744324550094775e-17 | 2.2582720384317202e-17 |
|     4.76 |     0.1 |     0.3 |          10.75 |        0.02 |     104.87831296070473 |        39363892763.32443 | 1.1993293482053557e-16 | 4.0158386682097535e-17 |
|     4.76 |     0.1 |     0.3 |           11.0 |        0.02 |     186.50294449763956 |            70000000000.0 | 2.1327426857689848e-16 |   7.14128321771553e-17 |
|     4.76 |     0.1 |     0.3 |          11.25 |        0.02 |     331.65434611178443 |       124479558702.72458 | 3.7926124050140995e-16 | 1.2699196907320036e-16 |
|     4.76 |     0.1 |     0.4 |            8.0 |        0.02 |    0.08064816928306753 |               70000000.0 |  9.246180311323979e-20 | 3.0953813245868645e-20 |
|     4.76 |     0.1 |     0.4 |           8.25 |        0.02 |    0.14341497889341254 |       124479558.70272458 | 1.6442292069134697e-19 |  5.504452875731824e-20 |
|     4.76 |     0.1 |     0.4 |            8.5 |        0.02 |    0.25503190405732223 |       221359436.21178657 |  2.923898944038852e-19 |  9.788455212443447e-20 |
|     4.76 |     0.1 |     0.4 |           8.75 |        0.02 |    0.45351798388815806 |       393638927.63324434 |  5.199509289218841e-19 |  1.740660836037636e-19 |
|     4.76 |     0.1 |     0.4 |            9.0 |        0.02 |     0.8064816928306755 |              700000000.0 |  9.246180311323971e-19 | 3.0953813245868635e-19 |
|     4.76 |     0.1 |     0.4 |           9.25 |        0.02 |     1.4341497889341253 |       1244795587.0272458 | 1.6442292069134694e-18 |  5.504452875731826e-19 |
|     4.76 |     0.1 |     0.4 |            9.5 |        0.02 |      2.550319040573222 |       2213594362.1178656 |  2.923898944038852e-18 |  9.788455212443447e-19 |
|     4.76 |     0.1 |     0.4 |           9.75 |        0.02 |      4.535179838881581 |        3936389276.332443 |  5.199509289218841e-18 | 1.7406608360376356e-18 |
|     4.76 |     0.1 |     0.4 |           10.0 |        0.02 |      8.064816928306755 |             7000000000.0 |   9.24618031132397e-18 | 3.0953813245868633e-18 |
|     4.76 |     0.1 |     0.4 |          10.25 |        0.02 |     14.341497889341253 |       12447955870.272459 | 1.6442292069134696e-17 |  5.504452875731826e-18 |
|     4.76 |     0.1 |     0.4 |           10.5 |        0.02 |     25.503190405732223 |       22135943621.178654 |  2.923898944038851e-17 |  9.788455212443444e-18 |
|     4.76 |     0.1 |     0.4 |          10.75 |        0.02 |       45.3517983888158 |        39363892763.32443 | 5.1995092892188365e-17 |  1.740660836037634e-17 |
|     4.76 |     0.1 |     0.4 |           11.0 |        0.02 |      80.64816928306755 |            70000000000.0 |  9.246180311323975e-17 | 3.0953813245868645e-17 |
|     4.76 |     0.1 |     0.4 |          11.25 |        0.02 |     143.41497889341252 |       124479558702.72458 |  1.644229206913469e-16 |  5.504452875731823e-17 |
|     4.76 |     0.1 |     0.5 |            8.0 |        0.02 |    0.03510911513730711 |               70000000.0 |  4.031238641579969e-20 | 1.3493944298705484e-20 |
|     4.76 |     0.1 |     0.5 |           8.25 |        0.02 |    0.06243381655335912 |       124479558.70272458 |  7.168668673274931e-20 |  2.399600330660005e-20 |
|     4.76 |     0.1 |     0.5 |            8.5 |        0.02 |     0.1110247704669858 |       221359436.21178657 | 1.2747895899075853e-19 | 4.2671598603352817e-20 |
|     4.76 |     0.1 |     0.5 |           8.75 |        0.02 |    0.19743306332573832 |       393638927.63324434 |  2.266932079864622e-19 |    7.5882025189788e-20 |
|     4.76 |     0.1 |     0.5 |            9.0 |        0.02 |     0.3510911513730712 |              700000000.0 | 4.0312386415799673e-19 | 1.3493944298705478e-19 |
|     4.76 |     0.1 |     0.5 |           9.25 |        0.02 |     0.6243381655335911 |       1244795587.0272458 |  7.168668673274933e-19 | 2.3996003306600064e-19 |
|     4.76 |     0.1 |     0.5 |            9.5 |        0.02 |      1.110247704669858 |       2213594362.1178656 | 1.2747895899075847e-18 |  4.267159860335279e-19 |
|     4.76 |     0.1 |     0.5 |           9.75 |        0.02 |     1.9743306332573831 |        3936389276.332443 |  2.266932079864621e-18 |  7.588202518978795e-19 |
|     4.76 |     0.1 |     0.5 |           10.0 |        0.02 |      3.510911513730712 |             7000000000.0 |  4.031238641579964e-18 | 1.3493944298705468e-18 |
|     4.76 |     0.1 |     0.5 |          10.25 |        0.02 |      6.243381655335912 |       12447955870.272459 |  7.168668673274933e-18 | 2.3996003306600066e-18 |
|     4.76 |     0.1 |     0.5 |           10.5 |        0.02 |      11.10247704669858 |       22135943621.178654 | 1.2747895899075852e-17 |   4.26715986033528e-18 |
|     4.76 |     0.1 |     0.5 |          10.75 |        0.02 |      19.74330633257383 |        39363892763.32443 | 2.2669320798646197e-17 |   7.58820251897879e-18 |
|     4.76 |     0.1 |     0.5 |           11.0 |        0.02 |      35.10911513730712 |            70000000000.0 |  4.031238641579967e-17 | 1.3493944298705475e-17 |
|     4.76 |     0.1 |     0.5 |          11.25 |        0.02 |     62.433816553359115 |       124479558702.72458 |  7.168668673274932e-17 |  2.399600330660006e-17 |
|     4.76 |     0.1 |     0.8 |            8.0 |        0.02 |   0.002691828092752804 |               70000000.0 |  3.097933375871072e-21 | 1.0368016267879665e-21 |
|     4.76 |     0.1 |     0.8 |           8.25 |        0.02 |   0.004786822472706654 |       124479558.70272458 |  5.508991135983903e-21 | 1.8437229852119016e-21 |
|     4.76 |     0.1 |     0.8 |            8.5 |        0.02 |    0.00851230784272585 |       221359436.21178657 |  9.796525507207109e-21 |  3.278654622417822e-21 |
|     4.76 |     0.1 |     0.8 |           8.75 |        0.02 |   0.015137261768632218 |       393638927.63324434 | 1.7420959599387523e-20 | 5.8303640076745515e-21 |
|     4.76 |     0.1 |     0.8 |            9.0 |        0.02 |   0.026918280927528043 |              700000000.0 |  3.097933375871075e-20 | 1.0368016267879672e-20 |
|     4.76 |     0.1 |     0.8 |           9.25 |        0.02 |   0.047868224727066554 |       1244795587.0272458 |  5.508991135983902e-20 |  1.843722985211901e-20 |
|     4.76 |     0.1 |     0.8 |            9.5 |        0.02 |    0.08512307842725848 |       2213594362.1178656 |  9.796525507207104e-20 | 3.2786546224178205e-20 |
|     4.76 |     0.1 |     0.8 |           9.75 |        0.02 |    0.15137261768632215 |        3936389276.332443 |  1.742095959938752e-19 |  5.830364007674554e-20 |
|     4.76 |     0.1 |     0.8 |           10.0 |        0.02 |    0.26918280927528043 |             7000000000.0 | 3.0979333758710733e-19 | 1.0368016267879672e-19 |
|     4.76 |     0.1 |     0.8 |          10.25 |        0.02 |     0.4786822472706656 |       12447955870.272459 |  5.508991135983903e-19 |  1.843722985211901e-19 |
|     4.76 |     0.1 |     0.8 |           10.5 |        0.02 |     0.8512307842725848 |       22135943621.178654 |   9.79652550720712e-19 |  3.278654622417825e-19 |
|     4.76 |     0.1 |     0.8 |          10.75 |        0.02 |      1.513726176863222 |        39363892763.32443 |  1.742095959938752e-18 |  5.830364007674553e-19 |
|     4.76 |     0.1 |     0.8 |           11.0 |        0.02 |     2.6918280927528038 |            70000000000.0 | 3.0979333758710742e-18 |  1.036801626787967e-18 |
|     4.76 |     0.1 |     0.8 |          11.25 |        0.02 |      4.786822472706655 |       124479558702.72458 | 5.5089911359839024e-18 | 1.8437229852119014e-18 |
|     4.76 |     0.1 |     1.0 |            8.0 |        0.02 | 0.00045422613780712835 |               70000000.0 |  5.233067621353531e-22 | 1.7512752724381703e-22 |
|     4.76 |     0.1 |     1.0 |           8.25 |        0.02 |  0.0008077409883639189 |       124479558.70272458 |  9.305856402394352e-22 | 3.1142567582871053e-22 |
|     4.76 |     0.1 |     1.0 |            8.5 |        0.02 |   0.001436389168252046 |       221359436.21178657 | 1.6548412833156755e-21 |  5.538018670836519e-22 |
|     4.76 |     0.1 |     1.0 |           8.75 |        0.02 |  0.0025543012827055475 |       393638927.63324434 | 2.9427701810026533e-21 |  9.848144574759703e-22 |
|     4.76 |     0.1 |     1.0 |            9.0 |        0.02 |   0.004542261378071284 |              700000000.0 | 5.2330676213535325e-21 | 1.7512752724381702e-21 |
|     4.76 |     0.1 |     1.0 |           9.25 |        0.02 |   0.008077409883639189 |       1244795587.0272458 |  9.305856402394353e-21 | 3.1142567582871055e-21 |
|     4.76 |     0.1 |     1.0 |            9.5 |        0.02 |    0.01436389168252046 |       2213594362.1178656 |  1.654841283315676e-20 |   5.53801867083652e-21 |
|     4.76 |     0.1 |     1.0 |           9.75 |        0.02 |   0.025543012827055473 |        3936389276.332443 |  2.942770181002653e-20 |  9.848144574759706e-21 |
|     4.76 |     0.1 |     1.0 |           10.0 |        0.02 |    0.04542261378071284 |             7000000000.0 | 5.2330676213535305e-20 |   1.75127527243817e-20 |
|     4.76 |     0.1 |     1.0 |          10.25 |        0.02 |    0.08077409883639187 |       12447955870.272459 |  9.305856402394346e-20 |  3.114256758287103e-20 |
|     4.76 |     0.1 |     1.0 |           10.5 |        0.02 |    0.14363891682520458 |       22135943621.178654 | 1.6548412833156744e-19 |  5.538018670836516e-20 |
|     4.76 |     0.1 |     1.0 |          10.75 |        0.02 |    0.25543012827055467 |        39363892763.32443 | 2.9427701810026528e-19 |  9.848144574759704e-20 |
|     4.76 |     0.1 |     1.0 |           11.0 |        0.02 |     0.4542261378071284 |            70000000000.0 |  5.233067621353533e-19 | 1.7512752724381706e-19 |
|     4.76 |     0.1 |     1.0 |          11.25 |        0.02 |     0.8077409883639188 |       124479558702.72458 |  9.305856402394347e-19 |  3.114256758287104e-19 |
|     4.76 |     0.3 |    0.01 |            8.0 |        0.02 |     19.778396429633663 |               70000000.0 | 1.5778405361035242e-17 |  5.457641751855014e-18 |
|     4.76 |     0.3 |    0.01 |           8.25 |        0.02 |      35.17151513440489 |       124479558.70272458 |  2.805841337677674e-17 |  9.705211954692532e-18 |
|     4.76 |     0.3 |    0.01 |            8.5 |        0.02 |      62.54478118338458 |       221359436.21178657 | 4.9895698786282713e-17 | 1.7258578589093316e-17 |
|     4.76 |     0.3 |    0.01 |           8.75 |        0.02 |     111.22209658380265 |       393638927.63324434 |  8.872849380115056e-17 |  3.069057495152322e-17 |
|     4.76 |     0.3 |    0.01 |            9.0 |        0.02 |     197.78396429633665 |              700000000.0 | 1.5778405361035227e-16 |  5.457641751855008e-17 |
|     4.76 |     0.3 |    0.01 |           9.25 |        0.02 |      351.7151513440489 |       1244795587.0272458 |   2.80584133767767e-16 |  9.705211954692514e-17 |
|     4.76 |     0.3 |    0.01 |            9.5 |        0.02 |      625.4478118338457 |       2213594362.1178656 |  4.989569878628268e-16 | 1.7258578589093298e-16 |
|     4.76 |     0.3 |    0.01 |           9.75 |        0.02 |     1112.2209658380264 |        3936389276.332443 |   8.87284938011505e-16 | 3.0690574951523207e-16 |
|     4.76 |     0.3 |    0.01 |           10.0 |        0.02 |     1977.8396429633665 |             7000000000.0 | 1.5778405361035232e-15 |  5.457641751855011e-16 |
|     4.76 |     0.3 |    0.01 |          10.25 |        0.02 |     3517.1515134404895 |       12447955870.272459 |  2.805841337677668e-15 |  9.705211954692512e-16 |
|     4.76 |     0.3 |    0.01 |           10.5 |        0.02 |      6254.478118338457 |       22135943621.178654 | 4.9895698786282714e-15 | 1.7258578589093314e-15 |
|     4.76 |     0.3 |    0.01 |          10.75 |        0.02 |     11122.209658380261 |        39363892763.32443 |  8.872849380115056e-15 | 3.0690574951523226e-15 |
|     4.76 |     0.3 |    0.01 |           11.0 |        0.02 |     19778.396429633664 |            70000000000.0 | 1.5778405361035225e-14 |   5.45764175185501e-15 |
|     4.76 |     0.3 |    0.01 |          11.25 |        0.02 |     35171.515134404886 |       124479558702.72458 |  2.805841337677672e-14 |  9.705211954692521e-15 |
|     4.76 |     0.3 |     0.1 |            8.0 |        0.02 |     1.7840836785516268 |               70000000.0 | 1.9588558829737134e-18 |  6.579365700337279e-19 |
|     4.76 |     0.3 |     0.1 |           8.25 |        0.02 |     3.1725992713548576 |       124479558.70272458 | 3.4833930839257675e-18 | 1.1699950556026098e-18 |
|     4.76 |     0.3 |     0.1 |            8.5 |        0.02 |     5.6417679605548345 |       221359436.21178657 |   6.19444619821718e-18 | 2.0805781172254665e-18 |
|     4.76 |     0.3 |     0.1 |           8.75 |        0.02 |     10.032639800471946 |       393638927.63324434 | 1.1015456130883487e-17 |  3.699849226839592e-18 |
|     4.76 |     0.3 |     0.1 |            9.0 |        0.02 |      17.84083678551627 |              700000000.0 | 1.9588558829737125e-17 |  6.579365700337273e-18 |
|     4.76 |     0.3 |     0.1 |           9.25 |        0.02 |      31.72599271354858 |       1244795587.0272458 | 3.4833930839257714e-17 | 1.1699950556026108e-17 |
|     4.76 |     0.3 |     0.1 |            9.5 |        0.02 |      56.41767960554834 |       2213594362.1178656 |   6.19444619821718e-17 | 2.0805781172254662e-17 |
|     4.76 |     0.3 |     0.1 |           9.75 |        0.02 |     100.32639800471947 |        3936389276.332443 | 1.1015456130883496e-16 |  3.699849226839595e-17 |
|     4.76 |     0.3 |     0.1 |           10.0 |        0.02 |     178.40836785516268 |             7000000000.0 | 1.9588558829737123e-16 |  6.579365700337274e-17 |
|     4.76 |     0.3 |     0.1 |          10.25 |        0.02 |     317.25992713548584 |       12447955870.272459 |  3.483393083925769e-16 |   1.16999505560261e-16 |
|     4.76 |     0.3 |     0.1 |           10.5 |        0.02 |      564.1767960554832 |       22135943621.178654 |  6.194446198217181e-16 | 2.0805781172254666e-16 |
|     4.76 |     0.3 |     0.1 |          10.75 |        0.02 |     1003.2639800471945 |        39363892763.32443 | 1.1015456130883493e-15 | 3.6998492268395936e-16 |
|     4.76 |     0.3 |     0.1 |           11.0 |        0.02 |     1784.0836785516265 |            70000000000.0 | 1.9588558829737137e-15 |  6.579365700337278e-16 |
|     4.76 |     0.3 |     0.1 |          11.25 |        0.02 |     3172.5992713548576 |       124479558702.72458 | 3.4833930839257705e-15 | 1.1699950556026102e-15 |
|     4.76 |     0.3 |     0.2 |            8.0 |        0.02 |      0.790636845368783 |               70000000.0 |  8.815701727236155e-19 |  2.957481519644604e-19 |
|     4.76 |     0.3 |     0.2 |           8.25 |        0.02 |     1.4059732229374344 |       124479558.70272458 |  1.567678086658863e-18 |  5.259228491954627e-19 |
|     4.76 |     0.3 |     0.2 |            8.5 |        0.02 |      2.500213233415704 |       221359436.21178657 |   2.78776966307467e-18 |  9.352377739932968e-19 |
|     4.76 |     0.3 |     0.2 |           8.75 |        0.02 |      4.446077713689986 |       393638927.63324434 |  4.957433391776831e-18 | 1.6631140769829146e-18 |
|     4.76 |     0.3 |     0.2 |            9.0 |        0.02 |       7.90636845368783 |              700000000.0 |  8.815701727236157e-18 | 2.9574815196446056e-18 |
|     4.76 |     0.3 |     0.2 |           9.25 |        0.02 |     14.059732229374346 |       1244795587.0272458 |  1.567678086658862e-17 |  5.259228491954623e-18 |
|     4.76 |     0.3 |     0.2 |            9.5 |        0.02 |      25.00213233415704 |       2213594362.1178656 | 2.7877696630746666e-17 |  9.352377739932956e-18 |
|     4.76 |     0.3 |     0.2 |           9.75 |        0.02 |      44.46077713689986 |        3936389276.332443 | 4.9574333917768275e-17 |  1.663114076982914e-17 |
|     4.76 |     0.3 |     0.2 |           10.0 |        0.02 |       79.0636845368783 |             7000000000.0 |  8.815701727236151e-17 |  2.957481519644602e-17 |
|     4.76 |     0.3 |     0.2 |          10.25 |        0.02 |     140.59732229374347 |       12447955870.272459 | 1.5676780866588626e-16 |  5.259228491954624e-17 |
|     4.76 |     0.3 |     0.2 |           10.5 |        0.02 |      250.0213233415704 |       22135943621.178654 | 2.7877696630746676e-16 |  9.352377739932963e-17 |
|     4.76 |     0.3 |     0.2 |          10.75 |        0.02 |     444.60777136899856 |        39363892763.32443 |  4.957433391776827e-16 | 1.6631140769829133e-16 |
|     4.76 |     0.3 |     0.2 |           11.0 |        0.02 |      790.6368453687829 |            70000000000.0 |  8.815701727236149e-16 | 2.9574815196446024e-16 |
|     4.76 |     0.3 |     0.2 |          11.25 |        0.02 |     1405.9732229374342 |       124479558702.72458 | 1.5676780866588617e-15 |  5.259228491954623e-16 |
|     4.76 |     0.3 |     0.3 |            8.0 |        0.02 |     0.4640703970591113 |               70000000.0 |  5.200926890681116e-19 |  1.744123139768816e-19 |
|     4.76 |     0.3 |     0.3 |           8.25 |        0.02 |      0.825246831898805 |       124479558.70272458 |  9.248701202815977e-19 |  3.101538268023323e-19 |
|     4.76 |     0.3 |     0.3 |            8.5 |        0.02 |     1.4675194493654973 |       221359436.21178657 | 1.6446774918569881e-18 |   5.51540164147366e-19 |
|     4.76 |     0.3 |     0.3 |           8.75 |        0.02 |     2.6096596206383214 |       393638927.63324434 |   2.92469611992374e-18 |  9.807925177127486e-19 |
|     4.76 |     0.3 |     0.3 |            9.0 |        0.02 |      4.640703970591112 |              700000000.0 |  5.200926890681115e-18 | 1.7441231397688165e-18 |
|     4.76 |     0.3 |     0.3 |           9.25 |        0.02 |       8.25246831898805 |       1244795587.0272458 |  9.248701202815985e-18 |  3.101538268023326e-18 |
|     4.76 |     0.3 |     0.3 |            9.5 |        0.02 |      14.67519449365497 |       2213594362.1178656 | 1.6446774918569875e-17 |  5.515401641473661e-18 |
|     4.76 |     0.3 |     0.3 |           9.75 |        0.02 |     26.096596206383214 |        3936389276.332443 |  2.924696119923741e-17 |  9.807925177127486e-18 |
|     4.76 |     0.3 |     0.3 |           10.0 |        0.02 |     46.407039705911124 |             7000000000.0 |  5.200926890681114e-17 | 1.7441231397688157e-17 |
|     4.76 |     0.3 |     0.3 |          10.25 |        0.02 |       82.5246831898805 |       12447955870.272459 |  9.248701202815979e-17 | 3.1015382680233235e-17 |
|     4.76 |     0.3 |     0.3 |           10.5 |        0.02 |      146.7519449365497 |       22135943621.178654 |  1.644677491856987e-16 | 5.5154016414736564e-17 |
|     4.76 |     0.3 |     0.3 |          10.75 |        0.02 |      260.9659620638321 |        39363892763.32443 |  2.924696119923741e-16 |  9.807925177127489e-17 |
|     4.76 |     0.3 |     0.3 |           11.0 |        0.02 |     464.07039705911126 |            70000000000.0 |  5.200926890681114e-16 | 1.7441231397688156e-16 |
|     4.76 |     0.3 |     0.3 |          11.25 |        0.02 |      825.2468318988049 |       124479558702.72458 |  9.248701202815985e-16 |  3.101538268023324e-16 |
|     4.76 |     0.3 |     0.4 |            8.0 |        0.02 |    0.30434426206665055 |               70000000.0 | 3.4195227657407276e-19 |  1.146510759312924e-19 |
|     4.76 |     0.3 |     0.4 |           8.25 |        0.02 |     0.5412091347966147 |       124479558.70272458 |  6.080866926476085e-19 | 2.0388164766742634e-19 |
|     4.76 |     0.3 |     0.4 |            8.5 |        0.02 |     0.9624210609337996 |       221359436.21178657 | 1.0813480450539098e-18 | 3.6255853613179467e-19 |
|     4.76 |     0.3 |     0.4 |           8.75 |        0.02 |     1.7114535564463915 |       393638927.63324434 | 1.9229389636052086e-18 |  6.447303797370228e-19 |
|     4.76 |     0.3 |     0.4 |            9.0 |        0.02 |      3.043442620666506 |              700000000.0 | 3.4195227657407274e-18 | 1.1465107593129236e-18 |
|     4.76 |     0.3 |     0.4 |           9.25 |        0.02 |      5.412091347966147 |       1244795587.0272458 |  6.080866926476088e-18 |  2.038816476674264e-18 |
|     4.76 |     0.3 |     0.4 |            9.5 |        0.02 |      9.624210609337997 |       2213594362.1178656 | 1.0813480450539088e-17 |  3.625585361317944e-18 |
|     4.76 |     0.3 |     0.4 |           9.75 |        0.02 |     17.114535564463914 |        3936389276.332443 |  1.922938963605208e-17 | 6.4473037973702296e-18 |
|     4.76 |     0.3 |     0.4 |           10.0 |        0.02 |     30.434426206665055 |             7000000000.0 |  3.419522765740729e-17 | 1.1465107593129245e-17 |
|     4.76 |     0.3 |     0.4 |          10.25 |        0.02 |      54.12091347966147 |       12447955870.272459 |  6.080866926476087e-17 | 2.0388164766742635e-17 |
|     4.76 |     0.3 |     0.4 |           10.5 |        0.02 |      96.24210609337999 |       22135943621.178654 |  1.081348045053909e-16 |  3.625585361317944e-17 |
|     4.76 |     0.3 |     0.4 |          10.75 |        0.02 |     171.14535564463912 |        39363892763.32443 | 1.9229389636052085e-16 |  6.447303797370228e-17 |
|     4.76 |     0.3 |     0.4 |           11.0 |        0.02 |      304.3442620666505 |            70000000000.0 |  3.419522765740725e-16 |  1.146510759312923e-16 |
|     4.76 |     0.3 |     0.4 |          11.25 |        0.02 |      541.2091347966146 |       124479558702.72458 |  6.080866926476085e-16 | 2.0388164766742626e-16 |
|     4.76 |     0.3 |     0.5 |            8.0 |        0.02 |     0.2114128213409365 |               70000000.0 |   2.37897098622958e-19 |  7.975386171958457e-20 |
|     4.76 |     0.3 |     0.5 |           8.25 |        0.02 |     0.3759510672088247 |       124479558.70272458 |   4.23047512189205e-19 | 1.4182465016702867e-19 |
|     4.76 |     0.3 |     0.5 |            8.5 |        0.02 |     0.6685460419996123 |       221359436.21178657 |  7.522966803942533e-19 |  2.522038552280003e-19 |
|     4.76 |     0.3 |     0.5 |           8.75 |        0.02 |     1.1888616611509273 |       393638927.63324434 | 1.3377936969857335e-18 |  4.484889228843904e-19 |
|     4.76 |     0.3 |     0.5 |            9.0 |        0.02 |      2.114128213409365 |              700000000.0 | 2.3789709862295787e-18 |  7.975386171958458e-19 |
|     4.76 |     0.3 |     0.5 |           9.25 |        0.02 |      3.759510672088248 |       1244795587.0272458 |  4.230475121892051e-18 | 1.4182465016702871e-18 |
|     4.76 |     0.3 |     0.5 |            9.5 |        0.02 |      6.685460419996123 |       2213594362.1178656 |  7.522966803942536e-18 |  2.522038552280004e-18 |
|     4.76 |     0.3 |     0.5 |           9.75 |        0.02 |     11.888616611509274 |        3936389276.332443 | 1.3377936969857325e-17 |  4.484889228843901e-18 |
|     4.76 |     0.3 |     0.5 |           10.0 |        0.02 |      21.14128213409365 |             7000000000.0 | 2.3789709862295797e-17 |  7.975386171958457e-18 |
|     4.76 |     0.3 |     0.5 |          10.25 |        0.02 |      37.59510672088248 |       12447955870.272459 |  4.230475121892052e-17 | 1.4182465016702872e-17 |
|     4.76 |     0.3 |     0.5 |           10.5 |        0.02 |      66.85460419996123 |       22135943621.178654 |  7.522966803942533e-17 | 2.5220385522800027e-17 |
|     4.76 |     0.3 |     0.5 |          10.75 |        0.02 |     118.88616611509273 |        39363892763.32443 |  1.337793696985733e-16 | 4.4848892288439036e-17 |
|     4.76 |     0.3 |     0.5 |           11.0 |        0.02 |      211.4128213409365 |            70000000000.0 | 2.3789709862295786e-16 |  7.975386171958453e-17 |
|     4.76 |     0.3 |     0.5 |          11.25 |        0.02 |      375.9510672088247 |       124479558702.72458 |   4.23047512189205e-16 | 1.4182465016702866e-16 |
|     4.76 |     0.3 |     0.8 |            8.0 |        0.02 |    0.08287815540478258 |               70000000.0 |   9.34738669593569e-20 |  3.133126787701377e-20 |
|     4.76 |     0.3 |     0.8 |           8.25 |        0.02 |    0.14738051729833093 |       124479558.70272458 |  1.662226529905421e-19 |  5.571574855610756e-20 |
|     4.76 |     0.3 |     0.8 |            8.5 |        0.02 |    0.26208373935250723 |       221359436.21178657 | 2.9559032129512603e-19 |  9.907816847223195e-20 |
|     4.76 |     0.3 |     0.8 |           8.75 |        0.02 |     0.4660581173965713 |       393638927.63324434 |  5.256421821659113e-19 | 1.7618866697853734e-19 |
|     4.76 |     0.3 |     0.8 |            9.0 |        0.02 |     0.8287815540478258 |              700000000.0 |  9.347386695935689e-19 |  3.133126787701377e-19 |
|     4.76 |     0.3 |     0.8 |           9.25 |        0.02 |     1.4738051729833095 |       1244795587.0272458 | 1.6622265299054196e-18 |   5.57157485561075e-19 |
|     4.76 |     0.3 |     0.8 |            9.5 |        0.02 |     2.6208373935250715 |       2213594362.1178656 | 2.9559032129512556e-18 |   9.90781684722318e-19 |
|     4.76 |     0.3 |     0.8 |           9.75 |        0.02 |     4.6605811739657135 |        3936389276.332443 | 5.2564218216591145e-18 |  1.761886669785374e-18 |
|     4.76 |     0.3 |     0.8 |           10.0 |        0.02 |       8.28781554047826 |             7000000000.0 |  9.347386695935687e-18 | 3.1331267877013763e-18 |
|     4.76 |     0.3 |     0.8 |          10.25 |        0.02 |     14.738051729833094 |       12447955870.272459 | 1.6622265299054197e-17 |  5.571574855610752e-18 |
|     4.76 |     0.3 |     0.8 |           10.5 |        0.02 |     26.208373935250716 |       22135943621.178654 | 2.9559032129512544e-17 |  9.907816847223182e-18 |
|     4.76 |     0.3 |     0.8 |          10.75 |        0.02 |     46.605811739657135 |        39363892763.32443 |  5.256421821659118e-17 | 1.7618866697853753e-17 |
|     4.76 |     0.3 |     0.8 |           11.0 |        0.02 |      82.87815540478259 |            70000000000.0 |  9.347386695935689e-17 |  3.133126787701377e-17 |
|     4.76 |     0.3 |     0.8 |          11.25 |        0.02 |     147.38051729833094 |       124479558702.72458 |  1.662226529905421e-16 |  5.571574855610755e-17 |
|     4.76 |     0.3 |     1.0 |            8.0 |        0.02 |    0.04688570516748193 |               70000000.0 | 5.2922089261569364e-20 |  1.773780497191608e-20 |
|     4.76 |     0.3 |     1.0 |           8.25 |        0.02 |    0.08337588412448864 |       124479558.70272458 |  9.411026167009076e-20 |  3.154277336084439e-20 |
|     4.76 |     0.3 |     1.0 |            8.5 |        0.02 |    0.14826561803236926 |       221359436.21178657 | 1.6735434060129768e-19 |  5.609186440311385e-20 |
|     4.76 |     0.3 |     1.0 |           8.75 |        0.02 |     0.2636576957636579 |       393638927.63324434 |  2.976027780719284e-19 |  9.974700753875246e-20 |
|     4.76 |     0.3 |     1.0 |            9.0 |        0.02 |     0.4688570516748193 |              700000000.0 |  5.292208926156932e-19 | 1.7737804971916066e-19 |
|     4.76 |     0.3 |     1.0 |           9.25 |        0.02 |     0.8337588412448864 |       1244795587.0272458 |  9.411026167009079e-19 | 3.1542773360844405e-19 |
|     4.76 |     0.3 |     1.0 |            9.5 |        0.02 |     1.4826561803236926 |       2213594362.1178656 | 1.6735434060129774e-18 |  5.609186440311384e-19 |
|     4.76 |     0.3 |     1.0 |           9.75 |        0.02 |     2.6365769576365787 |        3936389276.332443 | 2.9760277807192834e-18 |   9.97470075387524e-19 |
|     4.76 |     0.3 |     1.0 |           10.0 |        0.02 |      4.688570516748193 |             7000000000.0 |  5.292208926156936e-18 | 1.7737804971916074e-18 |
|     4.76 |     0.3 |     1.0 |          10.25 |        0.02 |      8.337588412448865 |       12447955870.272459 |  9.411026167009069e-18 | 3.1542773360844364e-18 |
|     4.76 |     0.3 |     1.0 |           10.5 |        0.02 |     14.826561803236924 |       22135943621.178654 | 1.6735434060129764e-17 |  5.609186440311381e-18 |
|     4.76 |     0.3 |     1.0 |          10.75 |        0.02 |     26.365769576365782 |        39363892763.32443 | 2.9760277807192865e-17 |  9.974700753875254e-18 |
|     4.76 |     0.3 |     1.0 |           11.0 |        0.02 |      46.88570516748193 |            70000000000.0 |  5.292208926156933e-17 | 1.7737804971916068e-17 |
|     4.76 |     0.3 |     1.0 |          11.25 |        0.02 |      83.37588412448864 |       124479558702.72458 |  9.411026167009076e-17 |  3.154277336084439e-17 |
|     4.76 |     0.5 |    0.01 |            8.0 |        0.02 |     19.866889184691743 |               70000000.0 | 1.5799380305863233e-17 |  5.465542567515845e-18 |
|     4.76 |     0.5 |    0.01 |           8.25 |        0.02 |      35.32887997866228 |       124479558.70272458 |  2.809571268929102e-17 |  9.719261812504687e-18 |
|     4.76 |     0.5 |    0.01 |            8.5 |        0.02 |     62.824619845791474 |       221359436.21178657 |  4.996202738573555e-17 | 1.7283563161954682e-17 |
|     4.76 |     0.5 |    0.01 |           8.75 |        0.02 |     111.71972791529367 |       393638927.63324434 |  8.884644458385434e-17 | 3.0735004503011246e-17 |
|     4.76 |     0.5 |    0.01 |            9.0 |        0.02 |     198.66889184691738 |              700000000.0 | 1.5799380305863225e-16 | 5.4655425675158434e-17 |
|     4.76 |     0.5 |    0.01 |           9.25 |        0.02 |      353.2887997866228 |       1244795587.0272458 |  2.809571268929102e-16 |  9.719261812504692e-17 |
|     4.76 |     0.5 |    0.01 |            9.5 |        0.02 |      628.2461984579147 |       2213594362.1178656 |  4.996202738573552e-16 |  1.728356316195467e-16 |
|     4.76 |     0.5 |    0.01 |           9.75 |        0.02 |     1117.1972791529367 |        3936389276.332443 |  8.884644458385424e-16 | 3.0735004503011205e-16 |
|     4.76 |     0.5 |    0.01 |           10.0 |        0.02 |     1986.6889184691738 |             7000000000.0 |  1.579938030586322e-15 |  5.465542567515842e-16 |
|     4.76 |     0.5 |    0.01 |          10.25 |        0.02 |     3532.8879978662285 |       12447955870.272459 | 2.8095712689291034e-15 |  9.719261812504695e-16 |
|     4.76 |     0.5 |    0.01 |           10.5 |        0.02 |      6282.461984579148 |       22135943621.178654 | 4.9962027385735514e-15 | 1.7283563161954676e-15 |
|     4.76 |     0.5 |    0.01 |          10.75 |        0.02 |     11171.972791529368 |        39363892763.32443 |  8.884644458385428e-15 | 3.0735004503011227e-15 |
|     4.76 |     0.5 |    0.01 |           11.0 |        0.02 |      19866.88918469174 |            70000000000.0 | 1.5799380305863225e-14 | 5.4655425675158435e-15 |
|     4.76 |     0.5 |    0.01 |          11.25 |        0.02 |     35328.879978662284 |       124479558702.72458 | 2.8095712689291015e-14 |  9.719261812504689e-15 |
|     4.76 |     0.5 |     0.1 |            8.0 |        0.02 |     1.8689180011592623 |               70000000.0 | 2.0438878055485383e-18 |  6.866961709781729e-19 |
|     4.76 |     0.5 |     0.1 |           8.25 |        0.02 |      3.323458400512615 |       124479558.70272458 | 3.6346036010365996e-18 | 1.2211376618030515e-18 |
|     4.76 |     0.5 |     0.1 |            8.5 |        0.02 |      5.910037643752477 |       221359436.21178657 | 6.4633407473767084e-18 |   2.17152396080744e-18 |
|     4.76 |     0.5 |     0.1 |           8.75 |        0.02 |      10.50969825443998 |       393638927.63324434 | 1.1493625771125588e-17 | 3.8615763479100405e-18 |
|     4.76 |     0.5 |     0.1 |            9.0 |        0.02 |     18.689180011592622 |              700000000.0 | 2.0438878055485368e-17 | 6.8669617097817236e-18 |
|     4.76 |     0.5 |     0.1 |           9.25 |        0.02 |      33.23458400512616 |       1244795587.0272458 | 3.6346036010365985e-17 | 1.2211376618030511e-17 |
|     4.76 |     0.5 |     0.1 |            9.5 |        0.02 |     59.100376437524766 |       2213594362.1178656 |  6.463340747376714e-17 | 2.1715239608074417e-17 |
|     4.76 |     0.5 |     0.1 |           9.75 |        0.02 |      105.0969825443998 |        3936389276.332443 | 1.1493625771125585e-16 |  3.861576347910039e-17 |
|     4.76 |     0.5 |     0.1 |           10.0 |        0.02 |     186.89180011592623 |             7000000000.0 | 2.0438878055485348e-16 |  6.866961709781717e-17 |
|     4.76 |     0.5 |     0.1 |          10.25 |        0.02 |      332.3458400512616 |       12447955870.272459 | 3.6346036010366005e-16 |  1.221137661803052e-16 |
|     4.76 |     0.5 |     0.1 |           10.5 |        0.02 |      591.0037643752476 |       22135943621.178654 |  6.463340747376707e-16 | 2.1715239608074393e-16 |
|     4.76 |     0.5 |     0.1 |          10.75 |        0.02 |     1050.9698254439977 |        39363892763.32443 | 1.1493625771125582e-15 | 3.8615763479100376e-16 |
|     4.76 |     0.5 |     0.1 |           11.0 |        0.02 |     1868.9180011592625 |            70000000000.0 |  2.043887805548537e-15 |  6.866961709781726e-16 |
|     4.76 |     0.5 |     0.1 |          11.25 |        0.02 |     3323.4584005126158 |       124479558702.72458 |    3.6346036010366e-15 | 1.2211376618030518e-15 |
|     4.76 |     0.5 |     0.2 |            8.0 |        0.02 |     0.8712253027233926 |               70000000.0 |   9.67553208555095e-19 |  3.246898998543045e-19 |
|     4.76 |     0.5 |     0.2 |           8.25 |        0.02 |     1.5492820173379367 |       124479558.70272458 | 1.7205799488906214e-18 |  5.773893635585095e-19 |
|     4.76 |     0.5 |     0.2 |            8.5 |        0.02 |      2.755056311775618 |       221359436.21178657 | 3.0596718964380124e-18 |  1.026759616791575e-18 |
|     4.76 |     0.5 |     0.2 |           8.75 |        0.02 |      4.899259912728357 |       393638927.63324434 | 5.4409515349104666e-18 |  1.825865485599914e-18 |
|     4.76 |     0.5 |     0.2 |            9.0 |        0.02 |      8.712253027233924 |              700000000.0 |   9.67553208555095e-18 |  3.246898998543044e-18 |
|     4.76 |     0.5 |     0.2 |           9.25 |        0.02 |     15.492820173379366 |       1244795587.0272458 | 1.7205799488906216e-17 |  5.773893635585097e-18 |
|     4.76 |     0.5 |     0.2 |            9.5 |        0.02 |     27.550563117756177 |       2213594362.1178656 |  3.059671896438015e-17 |  1.026759616791576e-17 |
|     4.76 |     0.5 |     0.2 |           9.75 |        0.02 |      48.99259912728356 |        3936389276.332443 |  5.440951534910466e-17 | 1.8258654855999138e-17 |
|     4.76 |     0.5 |     0.2 |           10.0 |        0.02 |      87.12253027233926 |             7000000000.0 |  9.675532085550946e-17 |  3.246898998543043e-17 |
|     4.76 |     0.5 |     0.2 |          10.25 |        0.02 |     154.92820173379363 |       12447955870.272459 | 1.7205799488906217e-16 |  5.773893635585097e-17 |
|     4.76 |     0.5 |     0.2 |           10.5 |        0.02 |      275.5056311775618 |       22135943621.178654 | 3.0596718964380123e-16 | 1.0267596167915749e-16 |
|     4.76 |     0.5 |     0.2 |          10.75 |        0.02 |     489.92599127283563 |        39363892763.32443 |  5.440951534910461e-16 | 1.8258654855999127e-16 |
|     4.76 |     0.5 |     0.2 |           11.0 |        0.02 |      871.2253027233926 |            70000000000.0 |   9.67553208555095e-16 |  3.246898998543046e-16 |
|     4.76 |     0.5 |     0.2 |          11.25 |        0.02 |     1549.2820173379366 |       124479558702.72458 | 1.7205799488906224e-15 |  5.773893635585098e-16 |
|     4.76 |     0.5 |     0.3 |            8.0 |        0.02 |     0.5402514320671059 |               70000000.0 |  6.030478597347137e-19 | 2.0229159324607618e-19 |
|     4.76 |     0.5 |     0.3 |           8.25 |        0.02 |     0.9607179978889763 |       124479558.70272458 | 1.0723875922342827e-18 |  3.597309750934663e-19 |
|     4.76 |     0.5 |     0.3 |            8.5 |        0.02 |      1.708425034499784 |       221359436.21178657 |   1.90700477485144e-18 |  6.397021861619357e-19 |
|     4.76 |     0.5 |     0.3 |           8.75 |        0.02 |      3.038057062446002 |       393638927.63324434 | 3.3911873259642265e-18 | 1.1375692262086556e-18 |
|     4.76 |     0.5 |     0.3 |            9.0 |        0.02 |      5.402514320671059 |              700000000.0 |  6.030478597347141e-18 | 2.0229159324607628e-18 |
|     4.76 |     0.5 |     0.3 |           9.25 |        0.02 |      9.607179978889762 |       1244795587.0272458 | 1.0723875922342825e-17 |  3.597309750934665e-18 |
|     4.76 |     0.5 |     0.3 |            9.5 |        0.02 |     17.084250344997837 |       2213594362.1178656 | 1.9070047748514412e-17 |  6.397021861619357e-18 |
|     4.76 |     0.5 |     0.3 |           9.75 |        0.02 |     30.380570624460017 |        3936389276.332443 | 3.3911873259642275e-17 | 1.1375692262086557e-17 |
|     4.76 |     0.5 |     0.3 |           10.0 |        0.02 |      54.02514320671059 |             7000000000.0 |   6.03047859734714e-17 | 2.0229159324607625e-17 |
|     4.76 |     0.5 |     0.3 |          10.25 |        0.02 |      96.07179978889764 |       12447955870.272459 |  1.072387592234282e-16 |  3.597309750934663e-17 |
|     4.76 |     0.5 |     0.3 |           10.5 |        0.02 |     170.84250344997838 |       22135943621.178654 | 1.9070047748514416e-16 |  6.397021861619358e-17 |
|     4.76 |     0.5 |     0.3 |          10.75 |        0.02 |      303.8057062446002 |        39363892763.32443 | 3.3911873259642257e-16 |  1.137569226208655e-16 |
|     4.76 |     0.5 |     0.3 |           11.0 |        0.02 |       540.251432067106 |            70000000000.0 |  6.030478597347143e-16 | 2.0229159324607628e-16 |
|     4.76 |     0.5 |     0.3 |          11.25 |        0.02 |      960.7179978889762 |       124479558702.72458 | 1.0723875922342816e-15 |  3.597309750934661e-16 |
|     4.76 |     0.5 |     0.4 |            8.0 |        0.02 |    0.37599203575275386 |               70000000.0 | 4.2076104028217027e-19 |  1.411166490862042e-19 |
|     4.76 |     0.5 |     0.4 |           8.25 |        0.02 |     0.6686188955177407 |       124479558.70272458 |  7.482306944803418e-19 |  2.509448314836852e-19 |
|     4.76 |     0.5 |     0.4 |            8.5 |        0.02 |     1.1889912150621642 |       221359436.21178657 |  1.330563237953515e-18 |  4.462500268831242e-19 |
|     4.76 |     0.5 |     0.4 |           8.75 |        0.02 |     2.1143585964622074 |       393638927.63324434 | 2.3661132098074546e-18 |  7.935572345355753e-19 |
|     4.76 |     0.5 |     0.4 |            9.0 |        0.02 |      3.759920357527539 |              700000000.0 |  4.207610402821704e-18 | 1.4111664908620431e-18 |
|     4.76 |     0.5 |     0.4 |           9.25 |        0.02 |      6.686188955177406 |       1244795587.0272458 |  7.482306944803414e-18 |   2.50944831483685e-18 |
|     4.76 |     0.5 |     0.4 |            9.5 |        0.02 |      11.88991215062164 |       2213594362.1178656 | 1.3305632379535151e-17 |  4.462500268831242e-18 |
|     4.76 |     0.5 |     0.4 |           9.75 |        0.02 |     21.143585964622073 |        3936389276.332443 |  2.366113209807456e-17 |  7.935572345355757e-18 |
|     4.76 |     0.5 |     0.4 |           10.0 |        0.02 |      37.59920357527538 |             7000000000.0 |  4.207610402821702e-17 | 1.4111664908620416e-17 |
|     4.76 |     0.5 |     0.4 |          10.25 |        0.02 |      66.86188955177407 |       12447955870.272459 |  7.482306944803413e-17 | 2.5094483148368505e-17 |
|     4.76 |     0.5 |     0.4 |           10.5 |        0.02 |     118.89912150621642 |       22135943621.178654 | 1.3305632379535145e-16 | 4.4625002688312417e-17 |
|     4.76 |     0.5 |     0.4 |          10.75 |        0.02 |      211.4358596462207 |        39363892763.32443 |  2.366113209807454e-16 |  7.935572345355753e-17 |
|     4.76 |     0.5 |     0.4 |           11.0 |        0.02 |      375.9920357527539 |            70000000000.0 |  4.207610402821703e-16 |  1.411166490862042e-16 |
|     4.76 |     0.5 |     0.4 |          11.25 |        0.02 |      668.6188955177407 |       124479558702.72458 |  7.482306944803411e-16 |  2.509448314836849e-16 |
|     4.76 |     0.5 |     0.5 |            8.0 |        0.02 |    0.27844223823546677 |               70000000.0 |  3.120679270897947e-19 | 1.0465068478574007e-19 |
|     4.76 |     0.5 |     0.5 |           8.25 |        0.02 |      0.495148099139283 |       124479558.70272458 |  5.549439692773097e-19 |  1.860981580009551e-19 |
|     4.76 |     0.5 |     0.5 |            8.5 |        0.02 |     0.8805116696192984 |       221359436.21178657 |  9.868454342911127e-19 | 3.3093452261926866e-19 |
|     4.76 |     0.5 |     0.5 |           8.75 |        0.02 |     1.5657957723829927 |       393638927.63324434 | 1.7548869166908053e-18 |   5.88494047644906e-19 |
|     4.76 |     0.5 |     0.5 |            9.0 |        0.02 |     2.7844223823546677 |              700000000.0 | 3.1206792708979492e-18 | 1.0465068478574012e-18 |
|     4.76 |     0.5 |     0.5 |           9.25 |        0.02 |       4.95148099139283 |       1244795587.0272458 |  5.549439692773099e-18 | 1.8609815800095507e-18 |
|     4.76 |     0.5 |     0.5 |            9.5 |        0.02 |      8.805116696192984 |       2213594362.1178656 |  9.868454342911124e-18 | 3.3093452261926864e-18 |
|     4.76 |     0.5 |     0.5 |           9.75 |        0.02 |     15.657957723829927 |        3936389276.332443 |  1.754886916690805e-17 | 5.8849404764490604e-18 |
|     4.76 |     0.5 |     0.5 |           10.0 |        0.02 |     27.844223823546677 |             7000000000.0 |  3.120679270897947e-17 | 1.0465068478574005e-17 |
|     4.76 |     0.5 |     0.5 |          10.25 |        0.02 |       49.5148099139283 |       12447955870.272459 | 5.5494396927731007e-17 | 1.8609815800095515e-17 |
|     4.76 |     0.5 |     0.5 |           10.5 |        0.02 |      88.05116696192982 |       22135943621.178654 |  9.868454342911126e-17 |  3.309345226192687e-17 |
|     4.76 |     0.5 |     0.5 |          10.75 |        0.02 |     156.57957723829927 |        39363892763.32443 | 1.7548869166908037e-16 |  5.884940476449055e-17 |
|     4.76 |     0.5 |     0.5 |           11.0 |        0.02 |     278.44223823546673 |            70000000000.0 |  3.120679270897948e-16 | 1.0465068478574005e-16 |
|     4.76 |     0.5 |     0.5 |          11.25 |        0.02 |     495.14809913928303 |       124479558702.72458 |    5.5494396927731e-16 | 1.8609815800095514e-16 |
|     4.76 |     0.5 |     0.8 |            8.0 |        0.02 |     0.1359947260744871 |               70000000.0 | 1.5276564477476154e-19 |   5.12205470995141e-20 |
|     4.76 |     0.5 |     0.8 |           8.25 |        0.02 |    0.24183662125214384 |       124479558.70272458 | 2.7166000066427866e-19 |  9.108444427799484e-20 |
|     4.76 |     0.5 |     0.8 |            8.5 |        0.02 |     0.4300530841660688 |       221359436.21178657 |  4.830873857124466e-19 |  1.619735918343958e-19 |
|     4.76 |     0.5 |     0.8 |           8.75 |        0.02 |     0.7647545447962559 |       393638927.63324434 |  8.590643512619761e-19 |  2.880343033291548e-19 |
|     4.76 |     0.5 |     0.8 |            9.0 |        0.02 |     1.3599472607448708 |              700000000.0 | 1.5276564477476159e-18 |  5.122054709951413e-19 |
|     4.76 |     0.5 |     0.8 |           9.25 |        0.02 |      2.418366212521438 |       1244795587.0272458 | 2.7166000066427865e-18 |  9.108444427799485e-19 |
|     4.76 |     0.5 |     0.8 |            9.5 |        0.02 |      4.300530841660687 |       2213594362.1178656 | 4.8308738571244724e-18 | 1.6197359183439591e-18 |
|     4.76 |     0.5 |     0.8 |           9.75 |        0.02 |      7.647545447962559 |        3936389276.332443 |  8.590643512619754e-18 |  2.880343033291547e-18 |
|     4.76 |     0.5 |     0.8 |           10.0 |        0.02 |     13.599472607448707 |             7000000000.0 | 1.5276564477476154e-17 |  5.122054709951412e-18 |
|     4.76 |     0.5 |     0.8 |          10.25 |        0.02 |     24.183662125214386 |       12447955870.272459 |  2.716600006642789e-17 |  9.108444427799491e-18 |
|     4.76 |     0.5 |     0.8 |           10.5 |        0.02 |      43.00530841660687 |       22135943621.178654 |  4.830873857124469e-17 |  1.619735918343958e-17 |
|     4.76 |     0.5 |     0.8 |          10.75 |        0.02 |       76.4754544796256 |        39363892763.32443 |  8.590643512619758e-17 |  2.880343033291548e-17 |
|     4.76 |     0.5 |     0.8 |           11.0 |        0.02 |     135.99472607448712 |            70000000000.0 |  1.527656447747616e-16 |  5.122054709951415e-17 |
|     4.76 |     0.5 |     0.8 |          11.25 |        0.02 |      241.8366212521438 |       124479558702.72458 | 2.7166000066427863e-16 |  9.108444427799484e-17 |
|     4.76 |     0.5 |     1.0 |            8.0 |        0.02 |    0.09113576837112104 |               70000000.0 |  1.024542750849762e-19 |  3.434977250149468e-20 |
|     4.76 |     0.5 |     1.0 |           8.25 |        0.02 |    0.16206486041244106 |       124479558.70272458 |   1.82192327854077e-19 |  6.108349317892917e-20 |
|     4.76 |     0.5 |     1.0 |            8.5 |        0.02 |    0.28819660436227607 |       221359436.21178657 |   3.23988865289966e-19 | 1.0862351821334271e-19 |
|     4.76 |     0.5 |     1.0 |           8.75 |        0.02 |     0.5124940875805691 |       393638927.63324434 |  5.761427282270208e-19 | 1.9316296588477528e-19 |
|     4.76 |     0.5 |     1.0 |            9.0 |        0.02 |     0.9113576837112106 |              700000000.0 | 1.0245427508497624e-18 | 3.4349772501494693e-19 |
|     4.76 |     0.5 |     1.0 |           9.25 |        0.02 |     1.6206486041244106 |       1244795587.0272458 | 1.8219232785407712e-18 |  6.108349317892921e-19 |
|     4.76 |     0.5 |     1.0 |            9.5 |        0.02 |     2.8819660436227603 |       2213594362.1178656 |  3.239888652899664e-18 | 1.0862351821334283e-18 |
|     4.76 |     0.5 |     1.0 |           9.75 |        0.02 |      5.124940875805692 |        3936389276.332443 |   5.76142728227021e-18 | 1.9316296588477536e-18 |
|     4.76 |     0.5 |     1.0 |           10.0 |        0.02 |      9.113576837112104 |             7000000000.0 | 1.0245427508497626e-17 | 3.4349772501494693e-18 |
|     4.76 |     0.5 |     1.0 |          10.25 |        0.02 |     16.206486041244105 |       12447955870.272459 |   1.82192327854077e-17 |  6.108349317892917e-18 |
|     4.76 |     0.5 |     1.0 |           10.5 |        0.02 |     28.819660436227604 |       22135943621.178654 |  3.239888652899662e-17 | 1.0862351821334279e-17 |
|     4.76 |     0.5 |     1.0 |          10.75 |        0.02 |     51.249408758056916 |        39363892763.32443 |   5.76142728227021e-17 | 1.9316296588477532e-17 |
|     4.76 |     0.5 |     1.0 |           11.0 |        0.02 |      91.13576837112105 |            70000000000.0 | 1.0245427508497618e-16 |  3.434977250149467e-17 |
|     4.76 |     0.5 |     1.0 |          11.25 |        0.02 |     162.06486041244108 |       124479558702.72458 | 1.8219232785407712e-16 |   6.10834931789292e-17 |
|     4.76 |     1.0 |    0.01 |            8.0 |        0.02 |     19.933388925938797 |               70000000.0 | 1.5815077773537232e-17 |  5.471455995100817e-18 |
|     4.76 |     1.0 |    0.01 |           8.25 |        0.02 |      35.44713509929483 |       124479558.70272458 | 2.8123627172845443e-17 |  9.729777539021804e-18 |
|     4.76 |     1.0 |    0.01 |            8.5 |        0.02 |      63.03491049194401 |       221359436.21178657 | 5.0011667137082235e-17 | 1.7302263061901655e-17 |
|     4.76 |     1.0 |    0.01 |           8.75 |        0.02 |     112.09368344147052 |       393638927.63324434 |  8.893471793159359e-17 | 3.0768258150056735e-17 |
|     4.76 |     1.0 |    0.01 |            9.0 |        0.02 |     199.33388925938795 |              700000000.0 | 1.5815077773537225e-16 |  5.471455995100816e-17 |
|     4.76 |     1.0 |    0.01 |           9.25 |        0.02 |      354.4713509929483 |       1244795587.0272458 |  2.812362717284548e-16 |  9.729777539021809e-17 |
|     4.76 |     1.0 |    0.01 |            9.5 |        0.02 |        630.34910491944 |       2213594362.1178656 |  5.001166713708224e-16 | 1.7302263061901663e-16 |
|     4.76 |     1.0 |    0.01 |           9.75 |        0.02 |     1120.9368344147051 |        3936389276.332443 |   8.89347179315936e-16 | 3.0768258150056725e-16 |
|     4.76 |     1.0 |    0.01 |           10.0 |        0.02 |      1993.338892593879 |             7000000000.0 | 1.5815077773537228e-15 |  5.471455995100816e-16 |
|     4.76 |     1.0 |    0.01 |          10.25 |        0.02 |     3544.7135099294837 |       12447955870.272459 | 2.8123627172845452e-15 |  9.729777539021804e-16 |
|     4.76 |     1.0 |    0.01 |           10.5 |        0.02 |      6303.491049194401 |       22135943621.178654 | 5.0011667137082274e-15 |  1.730226306190167e-15 |
|     4.76 |     1.0 |    0.01 |          10.75 |        0.02 |      11209.36834414705 |        39363892763.32443 |   8.89347179315936e-15 | 3.0768258150056734e-15 |
|     4.76 |     1.0 |    0.01 |           11.0 |        0.02 |     19933.388925938794 |            70000000000.0 | 1.5815077773537227e-14 |  5.471455995100816e-15 |
|     4.76 |     1.0 |    0.01 |          11.25 |        0.02 |      35447.13509929483 |       124479558702.72458 |  2.812362717284546e-14 |  9.729777539021807e-15 |
|     4.76 |     1.0 |     0.1 |            8.0 |        0.02 |      1.933892560993188 |               70000000.0 |  2.108681856667317e-18 |  7.086188900257982e-19 |
|     4.76 |     1.0 |     0.1 |           8.25 |        0.02 |     3.4390013224416283 |       124479558.70272458 |  3.749825528034136e-18 | 1.2601223816975119e-18 |
|     4.76 |     1.0 |     0.1 |            8.5 |        0.02 |      6.115505242794574 |       221359436.21178657 |  6.668237527741438e-18 | 2.2408496855018946e-18 |
|     4.76 |     1.0 |     0.1 |           8.75 |        0.02 |     10.875077055246676 |       393638927.63324434 | 1.1857989496831458e-17 |  3.984856856720219e-18 |
|     4.76 |     1.0 |     0.1 |            9.0 |        0.02 |     19.338925609931884 |              700000000.0 | 2.1086818566673182e-17 |  7.086188900257983e-18 |
|     4.76 |     1.0 |     0.1 |           9.25 |        0.02 |     34.390013224416286 |       1244795587.0272458 |  3.749825528034137e-17 | 1.2601223816975127e-17 |
|     4.76 |     1.0 |     0.1 |            9.5 |        0.02 |      61.15505242794573 |       2213594362.1178656 |  6.668237527741439e-17 | 2.2408496855018954e-17 |
|     4.76 |     1.0 |     0.1 |           9.75 |        0.02 |     108.75077055246675 |        3936389276.332443 | 1.1857989496831446e-16 |  3.984856856720214e-17 |
|     4.76 |     1.0 |     0.1 |           10.0 |        0.02 |     193.38925609931883 |             7000000000.0 |  2.108681856667318e-16 |  7.086188900257983e-17 |
|     4.76 |     1.0 |     0.1 |          10.25 |        0.02 |      343.9001322441629 |       12447955870.272459 |  3.749825528034139e-16 |  1.260122381697513e-16 |
|     4.76 |     1.0 |     0.1 |           10.5 |        0.02 |      611.5505242794574 |       22135943621.178654 |  6.668237527741436e-16 | 2.2408496855018945e-16 |
|     4.76 |     1.0 |     0.1 |          10.75 |        0.02 |     1087.5077055246675 |        39363892763.32443 | 1.1857989496831446e-15 | 3.9848568567202127e-16 |
|     4.76 |     1.0 |     0.1 |           11.0 |        0.02 |     1933.8925609931885 |            70000000000.0 |  2.108681856667318e-15 |  7.086188900257984e-16 |
|     4.76 |     1.0 |     0.1 |          11.25 |        0.02 |      3439.001322441628 |       124479558702.72458 | 3.7498255280341386e-15 | 1.2601223816975127e-15 |
|     4.76 |     1.0 |     0.2 |            8.0 |        0.02 |     0.9344590005796312 |               70000000.0 | 1.0346781278403057e-18 | 3.4729243656701045e-19 |
|     4.76 |     1.0 |     0.2 |           8.25 |        0.02 |     1.6617292002563075 |       124479558.70272458 |  1.839946810756036e-18 |  6.175829892093633e-19 |
|     4.76 |     1.0 |     0.2 |            8.5 |        0.02 |     2.9550188218762385 |       221359436.21178657 | 3.2719395291342413e-18 | 1.0982351137013017e-18 |
|     4.76 |     1.0 |     0.2 |           8.75 |        0.02 |       5.25484912721999 |       393638927.63324434 |  5.818422695551866e-18 | 1.9529688900767785e-18 |
|     4.76 |     1.0 |     0.2 |            9.0 |        0.02 |      9.344590005796311 |              700000000.0 | 1.0346781278403054e-17 |  3.472924365670104e-18 |
|     4.76 |     1.0 |     0.2 |           9.25 |        0.02 |      16.61729200256308 |       1244795587.0272458 | 1.8399468107560357e-17 | 6.1758298920936326e-18 |
|     4.76 |     1.0 |     0.2 |            9.5 |        0.02 |     29.550188218762383 |       2213594362.1178656 |  3.271939529134243e-17 | 1.0982351137013023e-17 |
|     4.76 |     1.0 |     0.2 |           9.75 |        0.02 |       52.5484912721999 |        3936389276.332443 |  5.818422695551873e-17 |  1.952968890076781e-17 |
|     4.76 |     1.0 |     0.2 |           10.0 |        0.02 |      93.44590005796312 |             7000000000.0 | 1.0346781278403056e-16 |  3.472924365670105e-17 |
|     4.76 |     1.0 |     0.2 |          10.25 |        0.02 |      166.1729200256308 |       12447955870.272459 | 1.8399468107560356e-16 |  6.175829892093636e-17 |
|     4.76 |     1.0 |     0.2 |           10.5 |        0.02 |      295.5018821876238 |       22135943621.178654 |  3.271939529134241e-16 |  1.098235113701301e-16 |
|     4.76 |     1.0 |     0.2 |          10.75 |        0.02 |      525.4849127219989 |        39363892763.32443 |  5.818422695551869e-16 | 1.9529688900767795e-16 |
|     4.76 |     1.0 |     0.2 |           11.0 |        0.02 |      934.4590005796313 |            70000000000.0 | 1.0346781278403055e-15 |  3.472924365670105e-16 |
|     4.76 |     1.0 |     0.2 |          11.25 |        0.02 |     1661.7292002563079 |       124479558702.72458 |  1.839946810756036e-15 |  6.175829892093637e-16 |
|     4.76 |     1.0 |     0.3 |            8.0 |        0.02 |     0.6016991071089899 |               70000000.0 |  6.696251071102224e-19 |  2.246749130314455e-19 |
|     4.76 |     1.0 |     0.3 |           8.25 |        0.02 |     1.0699891332107208 |       124479558.70272458 |  1.190780540419216e-18 | 3.9953477179610495e-19 |
|     4.76 |     1.0 |     0.3 |            8.5 |        0.02 |     1.9027396445540192 |       221359436.21178657 | 2.1175405169025147e-18 |  7.104844582796137e-19 |
|     4.76 |     1.0 |     0.3 |           8.75 |        0.02 |      3.383602732575191 |       393638927.63324434 |  3.765578701130918e-18 |  1.263439883311295e-18 |
|     4.76 |     1.0 |     0.3 |            9.0 |        0.02 |     6.0169910710898975 |              700000000.0 | 6.6962510711022255e-18 | 2.2467491303144556e-18 |
|     4.76 |     1.0 |     0.3 |           9.25 |        0.02 |     10.699891332107208 |       1244795587.0272458 |  1.190780540419216e-17 |  3.995347717961048e-18 |
|     4.76 |     1.0 |     0.3 |            9.5 |        0.02 |      19.02739644554019 |       2213594362.1178656 | 2.1175405169025135e-17 |  7.104844582796132e-18 |
|     4.76 |     1.0 |     0.3 |           9.75 |        0.02 |     33.836027325751914 |        3936389276.332443 |  3.765578701130919e-17 | 1.2634398833112949e-17 |
|     4.76 |     1.0 |     0.3 |           10.0 |        0.02 |      60.16991071089896 |             7000000000.0 |  6.696251071102224e-17 | 2.2467491303144555e-17 |
|     4.76 |     1.0 |     0.3 |          10.25 |        0.02 |      106.9989133210721 |       12447955870.272459 | 1.1907805404192169e-16 | 3.9953477179610525e-17 |
|     4.76 |     1.0 |     0.3 |           10.5 |        0.02 |      190.2739644554019 |       22135943621.178654 | 2.1175405169025134e-16 |  7.104844582796134e-17 |
|     4.76 |     1.0 |     0.3 |          10.75 |        0.02 |     338.36027325751905 |        39363892763.32443 | 3.7655787011309193e-16 | 1.2634398833112952e-16 |
|     4.76 |     1.0 |     0.3 |           11.0 |        0.02 |      601.6991071089898 |            70000000000.0 |  6.696251071102225e-16 |  2.246749130314456e-16 |
|     4.76 |     1.0 |     0.3 |          11.25 |        0.02 |     1069.9891332107209 |       124479558702.72458 | 1.1907805404192171e-15 |  3.995347717961053e-16 |
|     4.76 |     1.0 |     0.4 |            8.0 |        0.02 |     0.4356126513616963 |               70000000.0 |  4.860176011747186e-19 |  1.630391342379444e-19 |
|     4.76 |     1.0 |     0.4 |           8.25 |        0.02 |     0.7746410086689683 |       124479558.70272458 |  8.642750930855108e-19 | 2.8992913544590845e-19 |
|     4.76 |     1.0 |     0.4 |            8.5 |        0.02 |      1.377528155887809 |       221359436.21178657 | 1.5369226026434381e-18 |  5.155750119338454e-19 |
|     4.76 |     1.0 |     0.4 |           8.75 |        0.02 |     2.4496299563641784 |       393638927.63324434 | 2.7330778191042613e-18 |  9.168364280525298e-19 |
|     4.76 |     1.0 |     0.4 |            9.0 |        0.02 |      4.356126513616962 |              700000000.0 |  4.860176011747185e-18 | 1.6303913423794443e-18 |
|     4.76 |     1.0 |     0.4 |           9.25 |        0.02 |      7.746410086689683 |       1244795587.0272458 |  8.642750930855114e-18 | 2.8992913544590872e-18 |
|     4.76 |     1.0 |     0.4 |            9.5 |        0.02 |     13.775281558878088 |       2213594362.1178656 | 1.5369226026434377e-17 | 5.1557501193384514e-18 |
|     4.76 |     1.0 |     0.4 |           9.75 |        0.02 |      24.49629956364178 |        3936389276.332443 | 2.7330778191042572e-17 |  9.168364280525286e-18 |
|     4.76 |     1.0 |     0.4 |           10.0 |        0.02 |      43.56126513616963 |             7000000000.0 |  4.860176011747184e-17 |  1.630391342379443e-17 |
|     4.76 |     1.0 |     0.4 |          10.25 |        0.02 |      77.46410086689681 |       12447955870.272459 |  8.642750930855111e-17 | 2.8992913544590854e-17 |
|     4.76 |     1.0 |     0.4 |           10.5 |        0.02 |      137.7528155887809 |       22135943621.178654 | 1.5369226026434384e-16 | 5.1557501193384544e-17 |
|     4.76 |     1.0 |     0.4 |          10.75 |        0.02 |     244.96299563641782 |        39363892763.32443 |  2.733077819104259e-16 |   9.16836428052529e-17 |
|     4.76 |     1.0 |     0.4 |           11.0 |        0.02 |      435.6126513616963 |            70000000000.0 |   4.86017601174719e-16 | 1.6303913423794455e-16 |
|     4.76 |     1.0 |     0.4 |          11.25 |        0.02 |      774.6410086689683 |       124479558702.72458 |  8.642750930855116e-16 | 2.8992913544590877e-16 |
|     4.76 |     1.0 |     0.5 |            8.0 |        0.02 |     0.3361993867092269 |               70000000.0 |  3.756687892747708e-19 |  1.260072047760105e-19 |
|     4.76 |     1.0 |     0.5 |           8.25 |        0.02 |     0.5978564470527317 |       124479558.70272458 |  6.680440729615762e-19 | 2.2407601776973774e-19 |
|     4.76 |     1.0 |     0.5 |            8.5 |        0.02 |     1.0631558099528982 |       221359436.21178657 | 1.1879690199461114e-18 |  3.984697686834405e-19 |
|     4.76 |     1.0 |     0.5 |           8.75 |        0.02 |      1.890588086502493 |       393638927.63324434 |  2.112540847934287e-18 |  7.085905851727344e-19 |
|     4.76 |     1.0 |     0.5 |            9.0 |        0.02 |     3.3619938670922696 |              700000000.0 |  3.756687892747711e-18 | 1.2600720477601053e-18 |
|     4.76 |     1.0 |     0.5 |           9.25 |        0.02 |      5.978564470527317 |       1244795587.0272458 | 6.6804407296157626e-18 | 2.2407601776973776e-18 |
|     4.76 |     1.0 |     0.5 |            9.5 |        0.02 |     10.631558099528982 |       2213594362.1178656 | 1.1879690199461109e-17 |  3.984697686834404e-18 |
|     4.76 |     1.0 |     0.5 |           9.75 |        0.02 |      18.90588086502493 |        3936389276.332443 | 2.1125408479342876e-17 |  7.085905851727347e-18 |
|     4.76 |     1.0 |     0.5 |           10.0 |        0.02 |     33.619938670922686 |             7000000000.0 |  3.756687892747705e-17 |  1.260072047760104e-17 |
|     4.76 |     1.0 |     0.5 |          10.25 |        0.02 |      59.78564470527317 |       12447955870.272459 |  6.680440729615758e-17 |  2.240760177697376e-17 |
|     4.76 |     1.0 |     0.5 |           10.5 |        0.02 |      106.3155809952898 |       22135943621.178654 | 1.1879690199461105e-16 | 3.9846976868344034e-17 |
|     4.76 |     1.0 |     0.5 |          10.75 |        0.02 |     189.05880865024926 |        39363892763.32443 | 2.1125408479342862e-16 |   7.08590585172734e-17 |
|     4.76 |     1.0 |     0.5 |           11.0 |        0.02 |     336.19938670922687 |            70000000000.0 | 3.7566878927477075e-16 | 1.2600720477601043e-16 |
|     4.76 |     1.0 |     0.5 |          11.25 |        0.02 |      597.8564470527317 |       124479558702.72458 |   6.68044072961576e-16 | 2.2407601776973764e-16 |
|     4.76 |     1.0 |     0.8 |            8.0 |        0.02 |    0.18799601787637693 |               70000000.0 | 2.1054476509612092e-19 |  7.060908449995951e-20 |
|     4.76 |     1.0 |     0.8 |           8.25 |        0.02 |    0.33430944775887034 |       124479558.70272458 | 3.7440742066191366e-19 |  1.255626811279764e-19 |
|     4.76 |     1.0 |     0.8 |            8.5 |        0.02 |     0.5944956075310821 |       221359436.21178657 |  6.658010071288624e-19 | 2.2328553051916335e-19 |
|     4.76 |     1.0 |     0.8 |           8.75 |        0.02 |     1.0571792982311037 |       393638927.63324434 | 1.1839802221604342e-18 | 3.9706406148184564e-19 |
|     4.76 |     1.0 |     0.8 |            9.0 |        0.02 |     1.8799601787637694 |              700000000.0 |  2.105447650961209e-18 |  7.060908449995948e-19 |
|     4.76 |     1.0 |     0.8 |           9.25 |        0.02 |      3.343094477588703 |       1244795587.0272458 | 3.7440742066191366e-18 | 1.2556268112797643e-18 |
|     4.76 |     1.0 |     0.8 |            9.5 |        0.02 |       5.94495607531082 |       2213594362.1178656 |  6.658010071288622e-18 |  2.232855305191633e-18 |
|     4.76 |     1.0 |     0.8 |           9.75 |        0.02 |     10.571792982311036 |        3936389276.332443 | 1.1839802221604343e-17 |  3.970640614818456e-18 |
|     4.76 |     1.0 |     0.8 |           10.0 |        0.02 |      18.79960178763769 |             7000000000.0 | 2.1054476509612096e-17 |  7.060908449995947e-18 |
|     4.76 |     1.0 |     0.8 |          10.25 |        0.02 |     33.430944775887035 |       12447955870.272459 |  3.744074206619133e-17 | 1.2556268112797633e-17 |
|     4.76 |     1.0 |     0.8 |           10.5 |        0.02 |      59.44956075310821 |       22135943621.178654 |  6.658010071288626e-17 |  2.232855305191633e-17 |
|     4.76 |     1.0 |     0.8 |          10.75 |        0.02 |     105.71792982311035 |        39363892763.32443 |  1.183980222160434e-16 | 3.9706406148184554e-17 |
|     4.76 |     1.0 |     0.8 |           11.0 |        0.02 |     187.99601787637695 |            70000000000.0 | 2.1054476509612095e-16 |  7.060908449995948e-17 |
|     4.76 |     1.0 |     0.8 |          11.25 |        0.02 |     334.30944775887036 |       124479558702.72458 |  3.744074206619137e-16 | 1.2556268112797643e-16 |
|     4.76 |     1.0 |     1.0 |            8.0 |        0.02 |    0.13922111911773338 |               70000000.0 |  1.560393799160249e-19 |  5.232698482833785e-20 |
|     4.76 |     1.0 |     1.0 |           8.25 |        0.02 |     0.2475740495696415 |       124479558.70272458 |  2.774816164599082e-19 |  9.305199970965234e-20 |
|     4.76 |     1.0 |     1.0 |            8.5 |        0.02 |     0.4402558348096492 |       221359436.21178657 |  4.934398452149718e-19 | 1.6547245514662244e-19 |
|     4.76 |     1.0 |     1.0 |           8.75 |        0.02 |     0.7828978861914964 |       393638927.63324434 |  8.774739168385774e-19 | 2.9425625991582796e-19 |
|     4.76 |     1.0 |     1.0 |            9.0 |        0.02 |     1.3922111911773338 |              700000000.0 | 1.5603937991602485e-18 |  5.232698482833784e-19 |
|     4.76 |     1.0 |     1.0 |           9.25 |        0.02 |      2.475740495696415 |       1244795587.0272458 |  2.774816164599079e-18 |  9.305199970965226e-19 |
|     4.76 |     1.0 |     1.0 |            9.5 |        0.02 |      4.402558348096492 |       2213594362.1178656 |  4.934398452149718e-18 | 1.6547245514662249e-18 |
|     4.76 |     1.0 |     1.0 |           9.75 |        0.02 |      7.828978861914964 |        3936389276.332443 |  8.774739168385777e-18 |   2.94256259915828e-18 |
|     4.76 |     1.0 |     1.0 |           10.0 |        0.02 |     13.922111911773339 |             7000000000.0 |  1.560393799160248e-17 |  5.232698482833782e-18 |
|     4.76 |     1.0 |     1.0 |          10.25 |        0.02 |      24.75740495696415 |       12447955870.272459 | 2.7748161645990797e-17 |  9.305199970965227e-18 |
|     4.76 |     1.0 |     1.0 |           10.5 |        0.02 |      44.02558348096491 |       22135943621.178654 |  4.934398452149721e-17 |  1.654724551466225e-17 |
|     4.76 |     1.0 |     1.0 |          10.75 |        0.02 |      78.28978861914963 |        39363892763.32443 |  8.774739168385774e-17 |  2.942562599158278e-17 |
|     4.76 |     1.0 |     1.0 |           11.0 |        0.02 |     139.22111911773337 |            70000000000.0 |  1.560393799160248e-16 |  5.232698482833783e-17 |
|     4.76 |     1.0 |     1.0 |          11.25 |        0.02 |     247.57404956964152 |       124479558702.72458 |  2.774816164599081e-16 |  9.305199970965229e-17 |
|     4.76 |     3.0 |    0.01 |            8.0 |        0.02 |     19.977783952545465 |               70000000.0 | 1.5825526652956777e-17 | 5.4753924655615176e-18 |
|     4.76 |     3.0 |    0.01 |           8.25 |        0.02 |      35.52608186101761 |       124479558.70272458 |  2.814220819997524e-17 |  9.736777683390302e-18 |
|     4.76 |     3.0 |    0.01 |            8.5 |        0.02 |      63.17529989280488 |       221359436.21178657 | 5.0044709395044455e-17 | 1.7314711274499447e-17 |
|     4.76 |     3.0 |    0.01 |           8.75 |        0.02 |     112.34333502240908 |       393638927.63324434 |   8.89934762985891e-17 | 3.0790394550211184e-17 |
|     4.76 |     3.0 |    0.01 |            9.0 |        0.02 |     199.77783952545468 |              700000000.0 | 1.5825526652956767e-16 |  5.475392465561513e-17 |
|     4.76 |     3.0 |    0.01 |           9.25 |        0.02 |     355.26081861017605 |       1244795587.0272458 |  2.814220819997522e-16 |  9.736777683390296e-17 |
|     4.76 |     3.0 |    0.01 |            9.5 |        0.02 |      631.7529989280487 |       2213594362.1178656 |  5.004470939504453e-16 |  1.731471127449947e-16 |
|     4.76 |     3.0 |    0.01 |           9.75 |        0.02 |     1123.4333502240909 |        3936389276.332443 |  8.899347629858906e-16 |  3.079039455021117e-16 |
|     4.76 |     3.0 |    0.01 |           10.0 |        0.02 |     1997.7783952545465 |             7000000000.0 | 1.5825526652956784e-15 |  5.475392465561521e-16 |
|     4.76 |     3.0 |    0.01 |          10.25 |        0.02 |      3552.608186101761 |       12447955870.272459 | 2.8142208199975246e-15 |  9.736777683390308e-16 |
|     4.76 |     3.0 |    0.01 |           10.5 |        0.02 |      6317.529989280486 |       22135943621.178654 |  5.004470939504445e-15 |  1.731471127449944e-15 |
|     4.76 |     3.0 |    0.01 |          10.75 |        0.02 |     11234.333502240906 |        39363892763.32443 |  8.899347629858902e-15 | 3.0790394550211168e-15 |
|     4.76 |     3.0 |    0.01 |           11.0 |        0.02 |     19977.783952545466 |            70000000000.0 | 1.5825526652956777e-14 |  5.475392465561518e-15 |
|     4.76 |     3.0 |    0.01 |          11.25 |        0.02 |      35526.08186101761 |       124479558702.72458 | 2.8142208199975224e-14 |  9.736777683390296e-15 |
|     4.76 |     3.0 |     0.1 |            8.0 |        0.02 |     1.9778396429633662 |               70000000.0 | 2.1523462976885783e-18 |  7.233963836266975e-19 |
|     4.76 |     3.0 |     0.1 |           8.25 |        0.02 |     3.5171515134404885 |       124479558.70272458 |  3.827473104453106e-18 | 1.2864008942999738e-18 |
|     4.76 |     3.0 |     0.1 |            8.5 |        0.02 |      6.254478118338457 |       221359436.21178657 |  6.806316614126717e-18 | 2.2875802233893012e-18 |
|     4.76 |     3.0 |     0.1 |           8.75 |        0.02 |     11.122209658380264 |       393638927.63324434 | 1.2103532693107377e-17 |  4.067956810065433e-18 |
|     4.76 |     3.0 |     0.1 |            9.0 |        0.02 |     19.778396429633663 |              700000000.0 | 2.1523462976885795e-17 |  7.233963836266977e-18 |
|     4.76 |     3.0 |     0.1 |           9.25 |        0.02 |      35.17151513440489 |       1244795587.0272458 | 3.8274731044531054e-17 |  1.286400894299974e-17 |
|     4.76 |     3.0 |     0.1 |            9.5 |        0.02 |     62.544781183384565 |       2213594362.1178656 |  6.806316614126716e-17 | 2.2875802233893008e-17 |
|     4.76 |     3.0 |     0.1 |           9.75 |        0.02 |     111.22209658380264 |        3936389276.332443 |  1.210353269310737e-16 |  4.067956810065432e-17 |
|     4.76 |     3.0 |     0.1 |           10.0 |        0.02 |     197.78396429633665 |             7000000000.0 |   2.15234629768858e-16 |  7.233963836266978e-17 |
|     4.76 |     3.0 |     0.1 |          10.25 |        0.02 |      351.7151513440489 |       12447955870.272459 |  3.827473104453107e-16 | 1.2864008942999742e-16 |
|     4.76 |     3.0 |     0.1 |           10.5 |        0.02 |      625.4478118338457 |       22135943621.178654 |  6.806316614126719e-16 |  2.287580223389302e-16 |
|     4.76 |     3.0 |     0.1 |          10.75 |        0.02 |     1112.2209658380264 |        39363892763.32443 | 1.2103532693107366e-15 | 4.0679568100654314e-16 |
|     4.76 |     3.0 |     0.1 |           11.0 |        0.02 |     1977.8396429633663 |            70000000000.0 |  2.152346297688579e-15 |  7.233963836266976e-16 |
|     4.76 |     3.0 |     0.1 |          11.25 |        0.02 |     3517.1515134404885 |       124479558702.72458 |  3.827473104453109e-15 | 1.2864008942999749e-15 |
|     4.76 |     3.0 |     0.2 |            8.0 |        0.02 |     0.9779017801680627 |               70000000.0 | 1.0806251840796503e-18 | 3.6276804220773183e-19 |
|     4.76 |     3.0 |     0.2 |           8.25 |        0.02 |     1.7389826007132747 |       124479558.70272458 | 1.9216535148183626e-18 |  6.451029400781404e-19 |
|     4.76 |     3.0 |     0.2 |            8.5 |        0.02 |      3.092396953264354 |       221359436.21178657 |   3.41723687863042e-18 | 1.1471732756965301e-18 |
|     4.76 |     3.0 |     0.2 |           8.75 |        0.02 |      5.499145829657099 |       393638927.63324434 |  6.076801980494152e-18 | 2.0399946159180432e-18 |
|     4.76 |     3.0 |     0.2 |            9.0 |        0.02 |      9.779017801680627 |              700000000.0 |   1.08062518407965e-17 |  3.627680422077319e-18 |
|     4.76 |     3.0 |     0.2 |           9.25 |        0.02 |     17.389826007132747 |       1244795587.0272458 | 1.9216535148183635e-17 | 6.4510294007814064e-18 |
|     4.76 |     3.0 |     0.2 |            9.5 |        0.02 |     30.923969532643543 |       2213594362.1178656 |  3.417236878630417e-17 | 1.1471732756965291e-17 |
|     4.76 |     3.0 |     0.2 |           9.75 |        0.02 |      54.99145829657098 |        3936389276.332443 |  6.076801980494149e-17 | 2.0399946159180428e-17 |
|     4.76 |     3.0 |     0.2 |           10.0 |        0.02 |      97.79017801680628 |             7000000000.0 |   1.08062518407965e-16 | 3.6276804220773185e-17 |
|     4.76 |     3.0 |     0.2 |          10.25 |        0.02 |      173.8982600713275 |       12447955870.272459 | 1.9216535148183623e-16 |  6.451029400781404e-17 |
|     4.76 |     3.0 |     0.2 |           10.5 |        0.02 |      309.2396953264354 |       22135943621.178654 | 3.4172368786304196e-16 | 1.1471732756965297e-16 |
|     4.76 |     3.0 |     0.2 |          10.75 |        0.02 |      549.9145829657099 |        39363892763.32443 |   6.07680198049415e-16 |  2.039994615918043e-16 |
|     4.76 |     3.0 |     0.2 |           11.0 |        0.02 |      977.9017801680627 |            70000000000.0 | 1.0806251840796504e-15 | 3.6276804220773195e-16 |
|     4.76 |     3.0 |     0.2 |          11.25 |        0.02 |      1738.982600713275 |       124479558702.72458 |  1.921653514818361e-15 |  6.451029400781397e-16 |
|     4.76 |     3.0 |     0.3 |            8.0 |        0.02 |     0.6446308536643959 |               70000000.0 |  7.159711943863541e-19 |  2.402606924421963e-19 |
|     4.76 |     3.0 |     0.3 |           8.25 |        0.02 |     1.1463337741472093 |       124479558.70272458 |  1.273196833158229e-18 | 4.2725064241165187e-19 |
|     4.76 |     3.0 |     0.3 |            8.5 |        0.02 |     2.0385017475981915 |       221359436.21178657 |   2.26409971333204e-18 |  7.597710203265431e-19 |
|     4.76 |     3.0 |     0.3 |           8.75 |        0.02 |     3.6250256850822247 |       393638927.63324434 | 4.0262019024933955e-18 | 1.3510851617909558e-18 |
|     4.76 |     3.0 |     0.3 |            9.0 |        0.02 |       6.44630853664396 |              700000000.0 |   7.15971194386354e-18 | 2.4026069244219625e-18 |
|     4.76 |     3.0 |     0.3 |           9.25 |        0.02 |     11.463337741472094 |       1244795587.0272458 | 1.2731968331582288e-17 |  4.272506424116519e-18 |
|     4.76 |     3.0 |     0.3 |            9.5 |        0.02 |      20.38501747598191 |       2213594362.1178656 |  2.264099713332041e-17 |   7.59771020326543e-18 |
|     4.76 |     3.0 |     0.3 |           9.75 |        0.02 |     36.250256850822254 |        3936389276.332443 | 4.0262019024933945e-17 | 1.3510851617909554e-17 |
|     4.76 |     3.0 |     0.3 |           10.0 |        0.02 |       64.4630853664396 |             7000000000.0 |  7.159711943863546e-17 | 2.4026069244219636e-17 |
|     4.76 |     3.0 |     0.3 |          10.25 |        0.02 |     114.63337741472095 |       12447955870.272459 | 1.2731968331582296e-16 |  4.272506424116521e-17 |
|     4.76 |     3.0 |     0.3 |           10.5 |        0.02 |      203.8501747598191 |       22135943621.178654 | 2.2640997133320404e-16 |  7.597710203265433e-17 |
|     4.76 |     3.0 |     0.3 |          10.75 |        0.02 |      362.5025685082224 |        39363892763.32443 |  4.026201902493394e-16 |  1.351085161790955e-16 |
|     4.76 |     3.0 |     0.3 |           11.0 |        0.02 |       644.630853664396 |            70000000000.0 |  7.159711943863539e-16 |  2.402606924421962e-16 |
|     4.76 |     3.0 |     0.3 |          11.25 |        0.02 |     1146.3337741472092 |       124479558702.72458 |  1.273196833158228e-15 |  4.272506424116515e-16 |
|     4.76 |     3.0 |     0.4 |            8.0 |        0.02 |      0.478026860984229 |               70000000.0 |  5.322732815197151e-19 |  1.785825702385699e-19 |
|     4.76 |     3.0 |     0.4 |           8.25 |        0.02 |     0.8500653243337928 |       124479558.70272458 |  9.465306170403602e-19 | 3.1756970764707863e-19 |
|     4.76 |     3.0 |     0.4 |            8.5 |        0.02 |     1.5116536634508428 |       221359436.21178657 | 1.6831959072543108e-18 | 5.6472767236088065e-19 |
|     4.76 |     3.0 |     0.4 |           8.75 |        0.02 |     2.6881425848245417 |       393638927.63324434 | 2.9931926249321236e-18 | 1.0042435920385602e-18 |
|     4.76 |     3.0 |     0.4 |            9.0 |        0.02 |       4.78026860984229 |              700000000.0 |  5.322732815197153e-18 | 1.7858257023856992e-18 |
|     4.76 |     3.0 |     0.4 |           9.25 |        0.02 |       8.50065324333793 |       1244795587.0272458 |  9.465306170403602e-18 | 3.1756970764707848e-18 |
|     4.76 |     3.0 |     0.4 |            9.5 |        0.02 |     15.116536634508428 |       2213594362.1178656 | 1.6831959072543114e-17 |  5.647276723608807e-18 |
|     4.76 |     3.0 |     0.4 |           9.75 |        0.02 |     26.881425848245414 |        3936389276.332443 |  2.993192624932124e-17 | 1.0042435920385602e-17 |
|     4.76 |     3.0 |     0.4 |           10.0 |        0.02 |       47.8026860984229 |             7000000000.0 |  5.322732815197153e-17 | 1.7858257023856997e-17 |
|     4.76 |     3.0 |     0.4 |          10.25 |        0.02 |       85.0065324333793 |       12447955870.272459 |  9.465306170403603e-17 | 3.1756970764707865e-17 |
|     4.76 |     3.0 |     0.4 |           10.5 |        0.02 |      151.1653663450843 |       22135943621.178654 | 1.6831959072543103e-16 |  5.647276723608804e-17 |
|     4.76 |     3.0 |     0.4 |          10.75 |        0.02 |      268.8142584824541 |        39363892763.32443 | 2.9931926249321223e-16 | 1.0042435920385595e-16 |
|     4.76 |     3.0 |     0.4 |           11.0 |        0.02 |       478.026860984229 |            70000000000.0 |  5.322732815197153e-16 | 1.7858257023857002e-16 |
|     4.76 |     3.0 |     0.4 |          11.25 |        0.02 |       850.065324333793 |       124479558702.72458 |  9.465306170403604e-16 |  3.175697076470786e-16 |
|     4.76 |     3.0 |     0.5 |            8.0 |        0.02 |     0.3780897995870824 |               70000000.0 |  4.216320473906311e-19 | 1.4144530813145986e-19 |
|     4.76 |     3.0 |     0.5 |           8.25 |        0.02 |     0.6723493057514515 |       124479558.70272458 |  7.497795884873146e-19 | 2.5152927909678613e-19 |
|     4.76 |     3.0 |     0.5 |            8.5 |        0.02 |     1.1956249267717705 |       221359436.21178657 | 1.3333176042744488e-18 | 4.4728933803974865e-19 |
|     4.76 |     3.0 |     0.5 |           8.75 |        0.02 |     2.1261551894075343 |       393638927.63324434 | 2.3710112427236736e-18 |  7.954054201660233e-19 |
|     4.76 |     3.0 |     0.5 |            9.0 |        0.02 |      3.780897995870824 |              700000000.0 |  4.216320473906312e-18 | 1.4144530813145997e-18 |
|     4.76 |     3.0 |     0.5 |           9.25 |        0.02 |     6.7234930575145135 |       1244795587.0272458 |  7.497795884873146e-18 |  2.515292790967861e-18 |
|     4.76 |     3.0 |     0.5 |            9.5 |        0.02 |     11.956249267717705 |       2213594362.1178656 | 1.3333176042744478e-17 |  4.472893380397481e-18 |
|     4.76 |     3.0 |     0.5 |           9.75 |        0.02 |     21.261551894075343 |        3936389276.332443 |  2.371011242723676e-17 |  7.954054201660243e-18 |
|     4.76 |     3.0 |     0.5 |           10.0 |        0.02 |     37.808979958708235 |             7000000000.0 | 4.2163204739063086e-17 | 1.4144530813145983e-17 |
|     4.76 |     3.0 |     0.5 |          10.25 |        0.02 |      67.23493057514514 |       12447955870.272459 |  7.497795884873141e-17 | 2.5152927909678594e-17 |
|     4.76 |     3.0 |     0.5 |           10.5 |        0.02 |     119.56249267717705 |       22135943621.178654 |  1.333317604274447e-16 | 4.4728933803974796e-17 |
|     4.76 |     3.0 |     0.5 |          10.75 |        0.02 |     212.61551894075342 |        39363892763.32443 |  2.371011242723675e-16 |  7.954054201660238e-17 |
|     4.76 |     3.0 |     0.5 |           11.0 |        0.02 |      378.0897995870824 |            70000000000.0 |  4.216320473906312e-16 | 1.4144530813145988e-16 |
|     4.76 |     3.0 |     0.5 |          11.25 |        0.02 |      672.3493057514514 |       124479558702.72458 |  7.497795884873145e-16 |  2.515292790967861e-16 |
|     4.76 |     3.0 |     0.8 |            8.0 |        0.02 |     0.2282801766007249 |               70000000.0 |  2.551485646531997e-19 |  8.558036362110151e-20 |
|     4.76 |     3.0 |     0.8 |           8.25 |        0.02 |    0.40594593776911814 |       124479558.70272458 |  4.537254390237695e-19 | 1.5218579853104878e-19 |
|     4.76 |     3.0 |     0.8 |            8.5 |        0.02 |     0.7218853027237648 |       221359436.21178657 |  8.068506060268399e-19 | 2.7062887202809576e-19 |
|     4.76 |     3.0 |     0.8 |           8.75 |        0.02 |     1.2837137702433858 |       393638927.63324434 | 1.4348058196749561e-18 |  4.812537508896214e-19 |
|     4.76 |     3.0 |     0.8 |            9.0 |        0.02 |      2.282801766007249 |              700000000.0 | 2.5514856465319963e-18 |   8.55803636211015e-19 |
|     4.76 |     3.0 |     0.8 |           9.25 |        0.02 |      4.059459377691182 |       1244795587.0272458 |  4.537254390237698e-18 | 1.5218579853104892e-18 |
|     4.76 |     3.0 |     0.8 |            9.5 |        0.02 |      7.218853027237647 |       2213594362.1178656 |    8.0685060602684e-18 |  2.706288720280958e-18 |
|     4.76 |     3.0 |     0.8 |           9.75 |        0.02 |     12.837137702433857 |        3936389276.332443 | 1.4348058196749574e-17 |  4.812537508896215e-18 |
|     4.76 |     3.0 |     0.8 |           10.0 |        0.02 |      22.82801766007249 |             7000000000.0 | 2.5514856465319943e-17 |  8.558036362110143e-18 |
|     4.76 |     3.0 |     0.8 |          10.25 |        0.02 |      40.59459377691182 |       12447955870.272459 |  4.537254390237696e-17 | 1.5218579853104886e-17 |
|     4.76 |     3.0 |     0.8 |           10.5 |        0.02 |      72.18853027237647 |       22135943621.178654 |  8.068506060268399e-17 | 2.7062887202809572e-17 |
|     4.76 |     3.0 |     0.8 |          10.75 |        0.02 |     128.37137702433856 |        39363892763.32443 | 1.4348058196749565e-16 |  4.812537508896215e-17 |
|     4.76 |     3.0 |     0.8 |           11.0 |        0.02 |     228.28017660072487 |            70000000000.0 | 2.5514856465319966e-16 |  8.558036362110151e-17 |
|     4.76 |     3.0 |     0.8 |          11.25 |        0.02 |     405.94593776911825 |       124479558702.72458 |  4.537254390237697e-16 | 1.5218579853104888e-16 |
|     4.76 |     3.0 |     1.0 |            8.0 |        0.02 |     0.1784083678551618 |               70000000.0 |  1.995590471237885e-19 |   6.69310820531439e-20 |
|     4.76 |     3.0 |     1.0 |           8.25 |        0.02 |    0.31725992713548423 |       124479558.70272458 | 3.5487174458722036e-19 | 1.1902216510673152e-19 |
|     4.76 |     3.0 |     1.0 |            8.5 |        0.02 |     0.5641767960554804 |       221359436.21178657 |  6.310611166040451e-19 |  2.116546655475537e-19 |
|     4.76 |     3.0 |     1.0 |           8.75 |        0.02 |     1.0032639800471896 |       393638927.63324434 | 1.1222029901331456e-18 |  3.763811337818894e-19 |
|     4.76 |     3.0 |     1.0 |            9.0 |        0.02 |     1.7840836785516176 |              700000000.0 | 1.9955904712378845e-18 |  6.693108205314392e-19 |
|     4.76 |     3.0 |     1.0 |           9.25 |        0.02 |     3.1725992713548425 |       1244795587.0272458 |  3.548717445872199e-18 | 1.1902216510673138e-18 |
|     4.76 |     3.0 |     1.0 |            9.5 |        0.02 |      5.641767960554805 |       2213594362.1178656 | 6.3106111660404496e-18 | 2.1165466554755364e-18 |
|     4.76 |     3.0 |     1.0 |           9.75 |        0.02 |     10.032639800471895 |        3936389276.332443 | 1.1222029901331454e-17 |  3.763811337818892e-18 |
|     4.76 |     3.0 |     1.0 |           10.0 |        0.02 |     17.840836785516178 |             7000000000.0 |  1.995590471237886e-17 |  6.693108205314396e-18 |
|     4.76 |     3.0 |     1.0 |          10.25 |        0.02 |      31.72599271354842 |       12447955870.272459 |  3.548717445872203e-17 | 1.1902216510673151e-17 |
|     4.76 |     3.0 |     1.0 |           10.5 |        0.02 |      56.41767960554805 |       22135943621.178654 |  6.310611166040447e-17 | 2.1165466554755352e-17 |
|     4.76 |     3.0 |     1.0 |          10.75 |        0.02 |     100.32639800471894 |        39363892763.32443 | 1.1222029901331442e-16 |  3.763811337818887e-17 |
|     4.76 |     3.0 |     1.0 |           11.0 |        0.02 |     178.40836785516177 |            70000000000.0 | 1.9955904712378842e-16 |   6.69310820531439e-17 |
|     4.76 |     3.0 |     1.0 |          11.25 |        0.02 |      317.2599271354842 |       124479558702.72458 |  3.548717445872202e-16 | 1.1902216510673151e-16 |
