| redshift | tau_gyr | age_gyr | log_massformed | metallicity |   sfr_inst_msun_per_yr | stellar_mass_living_msun |  halpha_flux_erg_s_cm2 |    oiii_flux_erg_s_cm2 |
|     4.72 |     0.1 |    0.01 |            8.0 |        0.02 |     19.338925609931877 |               70000000.0 |  1.598713732129434e-17 |  5.526535568720517e-18 |
|     4.72 |     0.1 |    0.01 |           8.25 |        0.02 |      34.39001322441627 |       124479558.70272458 |  2.842959712392255e-17 |  9.827724410703442e-18 |
|     4.72 |     0.1 |    0.01 |            8.5 |        0.02 |      61.15505242794573 |       221359436.21178657 |  5.055576720117327e-17 | 1.7476439967090843e-17 |
|     4.72 |     0.1 |    0.01 |           8.75 |        0.02 |     108.75077055246673 |       393638927.63324434 |   8.99022798725675e-17 | 3.1077993354258955e-17 |
|     4.72 |     0.1 |    0.01 |            9.0 |        0.02 |      193.3892560993188 |              700000000.0 | 1.5987137321294347e-16 | 5.5265355687205196e-17 |
|     4.72 |     0.1 |    0.01 |           9.25 |        0.02 |     343.90013224416276 |       1244795587.0272458 | 2.8429597123922553e-16 |  9.827724410703443e-17 |
|     4.72 |     0.1 |    0.01 |            9.5 |        0.02 |      611.5505242794572 |       2213594362.1178656 |  5.055576720117324e-16 | 1.7476439967090843e-16 |
|     4.72 |     0.1 |    0.01 |           9.75 |        0.02 |     1087.5077055246672 |        3936389276.332443 |  8.990227987256745e-16 | 3.1077993354258944e-16 |
|     4.72 |     0.1 |    0.01 |           10.0 |        0.02 |     1933.8925609931878 |             7000000000.0 | 1.5987137321294346e-15 |  5.526535568720518e-16 |
|     4.72 |     0.1 |    0.01 |          10.25 |        0.02 |     3439.0013224416275 |       12447955870.272459 |  2.842959712392253e-15 |  9.827724410703436e-16 |
|     4.72 |     0.1 |    0.01 |           10.5 |        0.02 |      6115.505242794573 |       22135943621.178654 |   5.05557672011732e-15 |  1.747643996709082e-15 |
|     4.72 |     0.1 |    0.01 |          10.75 |        0.02 |     10875.077055246671 |        39363892763.32443 |  8.990227987256749e-15 |  3.107799335425894e-15 |
|     4.72 |     0.1 |    0.01 |           11.0 |        0.02 |     19338.925609931877 |            70000000000.0 |  1.598713732129434e-14 |  5.526535568720516e-15 |
|     4.72 |     0.1 |    0.01 |          11.25 |        0.02 |      34390.01322441628 |       124479558702.72458 | 2.8429597123922546e-14 |  9.827724410703442e-15 |
|     4.72 |     0.1 |     0.1 |            8.0 |        0.02 |     1.3922111911773336 |               70000000.0 | 1.5906374589832918e-18 |  5.334731531640279e-19 |
|     4.72 |     0.1 |     0.1 |           8.25 |        0.02 |      2.475740495696415 |       124479558.70272458 | 2.8285978421466213e-18 |  9.486643240801318e-19 |
|     4.72 |     0.1 |     0.1 |            8.5 |        0.02 |      4.402558348096492 |       221359436.21178657 |  5.030037301969862e-18 | 1.6869902345501895e-18 |
|     4.72 |     0.1 |     0.1 |           8.75 |        0.02 |      7.828978861914962 |       393638927.63324434 |  8.944811765820741e-18 | 2.9999399990373357e-18 |
|     4.72 |     0.1 |     0.1 |            9.0 |        0.02 |     13.922111911773339 |              700000000.0 |  1.590637458983293e-17 |  5.334731531640282e-18 |
|     4.72 |     0.1 |     0.1 |           9.25 |        0.02 |     24.757404956964145 |       1244795587.0272458 | 2.8285978421466195e-17 |  9.486643240801313e-18 |
|     4.72 |     0.1 |     0.1 |            9.5 |        0.02 |     44.025583480964904 |       2213594362.1178656 | 5.0300373019698655e-17 |  1.686990234550191e-17 |
|     4.72 |     0.1 |     0.1 |           9.75 |        0.02 |      78.28978861914963 |        3936389276.332443 |  8.944811765820743e-17 |  2.999939999037336e-17 |
|     4.72 |     0.1 |     0.1 |           10.0 |        0.02 |     139.22111911773337 |             7000000000.0 | 1.5906374589832927e-16 |   5.33473153164028e-17 |
|     4.72 |     0.1 |     0.1 |          10.25 |        0.02 |     247.57404956964152 |       12447955870.272459 |   2.82859784214662e-16 |  9.486643240801316e-17 |
|     4.72 |     0.1 |     0.1 |           10.5 |        0.02 |     440.25583480964906 |       22135943621.178654 |  5.030037301969864e-16 | 1.6869902345501904e-16 |
|     4.72 |     0.1 |     0.1 |          10.75 |        0.02 |      782.8978861914962 |        39363892763.32443 |  8.944811765820736e-16 |  2.999939999037334e-16 |
|     4.72 |     0.1 |     0.1 |           11.0 |        0.02 |     1392.2111911773338 |            70000000000.0 | 1.5906374589832928e-15 |  5.334731531640282e-16 |
|     4.72 |     0.1 |     0.1 |          11.25 |        0.02 |     2475.7404956964147 |       124479558702.72458 | 2.8285978421466217e-15 |  9.486643240801317e-16 |
|     4.72 |     0.1 |     0.2 |            8.0 |        0.02 |     0.4556788418556052 |               70000000.0 |  5.287996303921897e-19 | 1.7713411505025167e-19 |
|     4.72 |     0.1 |     0.2 |           8.25 |        0.02 |     0.8103243020622052 |       124479558.70272458 |  9.403534947626236e-19 | 3.1499394960932813e-19 |
|     4.72 |     0.1 |     0.2 |            8.5 |        0.02 |     1.4409830218113802 |       221359436.21178657 |  1.672211257894518e-18 |  5.601472548771065e-19 |
|     4.72 |     0.1 |     0.2 |           8.75 |        0.02 |     2.5624704379028453 |       393638927.63324434 |  2.973658849149106e-18 |  9.960983299377824e-19 |
|     4.72 |     0.1 |     0.2 |            9.0 |        0.02 |      4.556788418556052 |              700000000.0 |  5.287996303921896e-18 |  1.771341150502516e-18 |
|     4.72 |     0.1 |     0.2 |           9.25 |        0.02 |      8.103243020622052 |       1244795587.0272458 |  9.403534947626226e-18 |   3.14993949609328e-18 |
|     4.72 |     0.1 |     0.2 |            9.5 |        0.02 |     14.409830218113802 |       2213594362.1178656 |  1.672211257894518e-17 |  5.601472548771064e-18 |
|     4.72 |     0.1 |     0.2 |           9.75 |        0.02 |     25.624704379028454 |        3936389276.332443 |  2.973658849149109e-17 |  9.960983299377829e-18 |
|     4.72 |     0.1 |     0.2 |           10.0 |        0.02 |     45.567884185560516 |             7000000000.0 | 5.2879963039218935e-17 | 1.7713411505025152e-17 |
|     4.72 |     0.1 |     0.2 |          10.25 |        0.02 |      81.03243020622054 |       12447955870.272459 |  9.403534947626227e-17 |  3.149939496093279e-17 |
|     4.72 |     0.1 |     0.2 |           10.5 |        0.02 |       144.098302181138 |       22135943621.178654 | 1.6722112578945162e-16 |   5.60147254877106e-17 |
|     4.72 |     0.1 |     0.2 |          10.75 |        0.02 |     256.24704379028447 |        39363892763.32443 | 2.9736588491491084e-16 |  9.960983299377827e-17 |
|     4.72 |     0.1 |     0.2 |           11.0 |        0.02 |      455.6788418556052 |            70000000000.0 |  5.287996303921894e-16 | 1.7713411505025155e-16 |
|     4.72 |     0.1 |     0.2 |          11.25 |        0.02 |      810.3243020622052 |       124479558702.72458 |  9.403534947626232e-16 |   3.14993949609328e-16 |
|     4.72 |     0.1 |     0.3 |            8.0 |        0.02 |    0.18650294449763954 |               70000000.0 |  2.175522445963599e-19 |  7.284527119370522e-20 |
|     4.72 |     0.1 |     0.3 |           8.25 |        0.02 |     0.3316543461117844 |       124479558.70272458 | 3.8686867717345837e-19 | 1.2953924588246743e-19 |
|     4.72 |     0.1 |     0.3 |            8.5 |        0.02 |     0.5897740949405087 |       221359436.21178657 |  6.879606030065562e-19 |  2.303569737447612e-19 |
|     4.72 |     0.1 |     0.3 |           8.75 |        0.02 |     1.0487831296070476 |       393638927.63324434 | 1.2233861752445203e-18 | 4.0963906336918563e-19 |
|     4.72 |     0.1 |     0.3 |            9.0 |        0.02 |     1.8650294449763956 |              700000000.0 | 2.1755224459635995e-18 |  7.284527119370524e-19 |
|     4.72 |     0.1 |     0.3 |           9.25 |        0.02 |     3.3165434611178437 |       1244795587.0272458 |  3.868686771734581e-18 | 1.2953924588246736e-18 |
|     4.72 |     0.1 |     0.3 |            9.5 |        0.02 |      5.897740949405087 |       2213594362.1178656 |  6.879606030065562e-18 | 2.3035697374476117e-18 |
|     4.72 |     0.1 |     0.3 |           9.75 |        0.02 |     10.487831296070476 |        3936389276.332443 | 1.2233861752445209e-17 |  4.096390633691859e-18 |
|     4.72 |     0.1 |     0.3 |           10.0 |        0.02 |     18.650294449763955 |             7000000000.0 | 2.1755224459635994e-17 |  7.284527119370522e-18 |
|     4.72 |     0.1 |     0.3 |          10.25 |        0.02 |      33.16543461117844 |       12447955870.272459 | 3.8686867717345844e-17 | 1.2953924588246749e-17 |
|     4.72 |     0.1 |     0.3 |           10.5 |        0.02 |      58.97740949405087 |       22135943621.178654 |  6.879606030065562e-17 | 2.3035697374476125e-17 |
|     4.72 |     0.1 |     0.3 |          10.75 |        0.02 |     104.87831296070473 |        39363892763.32443 |   1.22338617524452e-16 |  4.096390633691856e-17 |
|     4.72 |     0.1 |     0.3 |           11.0 |        0.02 |     186.50294449763956 |            70000000000.0 | 2.1755224459635984e-16 |   7.28452711937052e-17 |
|     4.72 |     0.1 |     0.3 |          11.25 |        0.02 |     331.65434611178443 |       124479558702.72458 |  3.868686771734584e-16 | 1.2953924588246745e-16 |
|     4.72 |     0.1 |     0.4 |            8.0 |        0.02 |    0.08064816928306753 |               70000000.0 |  9.431645430521881e-20 | 3.1574702355747206e-20 |
|     4.72 |     0.1 |     0.4 |           8.25 |        0.02 |    0.14341497889341254 |       124479558.70272458 |  1.677210087188474e-19 |  5.614864307733269e-20 |
|     4.72 |     0.1 |     0.4 |            8.5 |        0.02 |    0.25503190405732223 |       221359436.21178657 | 2.9825481643568507e-19 |  9.984797588604527e-20 |
|     4.72 |     0.1 |     0.4 |           8.75 |        0.02 |    0.45351798388815806 |       393638927.63324434 |  5.303803990125176e-19 | 1.7755759965221723e-19 |
|     4.72 |     0.1 |     0.4 |            9.0 |        0.02 |     0.8064816928306755 |              700000000.0 |  9.431645430521872e-19 | 3.1574702355747194e-19 |
|     4.72 |     0.1 |     0.4 |           9.25 |        0.02 |     1.4341497889341253 |       1244795587.0272458 | 1.6772100871884738e-18 |   5.61486430773327e-19 |
|     4.72 |     0.1 |     0.4 |            9.5 |        0.02 |      2.550319040573222 |       2213594362.1178656 | 2.9825481643568513e-18 |  9.984797588604527e-19 |
|     4.72 |     0.1 |     0.4 |           9.75 |        0.02 |      4.535179838881581 |        3936389276.332443 |  5.303803990125175e-18 |  1.775575996522172e-18 |
|     4.72 |     0.1 |     0.4 |           10.0 |        0.02 |      8.064816928306755 |             7000000000.0 |  9.431645430521871e-18 | 3.1574702355747187e-18 |
|     4.72 |     0.1 |     0.4 |          10.25 |        0.02 |     14.341497889341253 |       12447955870.272459 | 1.6772100871884738e-17 |   5.61486430773327e-18 |
|     4.72 |     0.1 |     0.4 |           10.5 |        0.02 |     25.503190405732223 |       22135943621.178654 |   2.98254816435685e-17 |  9.984797588604524e-18 |
|     4.72 |     0.1 |     0.4 |          10.75 |        0.02 |       45.3517983888158 |        39363892763.32443 |  5.303803990125171e-17 | 1.7755759965221705e-17 |
|     4.72 |     0.1 |     0.4 |           11.0 |        0.02 |      80.64816928306755 |            70000000000.0 |  9.431645430521875e-17 |   3.15747023557472e-17 |
|     4.72 |     0.1 |     0.4 |          11.25 |        0.02 |     143.41497889341252 |       124479558702.72458 |  1.677210087188473e-16 |  5.614864307733267e-17 |
|     4.72 |     0.1 |     0.5 |            8.0 |        0.02 |    0.03510911513730711 |               70000000.0 |  4.112099508446274e-20 | 1.3764613472736647e-20 |
|     4.72 |     0.1 |     0.5 |           8.25 |        0.02 |    0.06243381655335912 |       124479558.70272458 |   7.31246188790118e-20 | 2.4477328725711908e-20 |
|     4.72 |     0.1 |     0.5 |            8.5 |        0.02 |     0.1110247704669858 |       221359436.21178657 | 1.3003600411949018e-19 | 4.3527529685687794e-20 |
|     4.72 |     0.1 |     0.5 |           8.75 |        0.02 |    0.19743306332573832 |       393638927.63324434 |   2.31240348689426e-19 |   7.74041098099166e-20 |
|     4.72 |     0.1 |     0.5 |            9.0 |        0.02 |     0.3510911513730712 |              700000000.0 | 4.1120995084462716e-19 |  1.376461347273664e-19 |
|     4.72 |     0.1 |     0.5 |           9.25 |        0.02 |     0.6243381655335911 |       1244795587.0272458 |   7.31246188790118e-19 | 2.4477328725711925e-19 |
|     4.72 |     0.1 |     0.5 |            9.5 |        0.02 |      1.110247704669858 |       2213594362.1178656 | 1.3003600411949013e-18 |  4.352752968568775e-19 |
|     4.72 |     0.1 |     0.5 |           9.75 |        0.02 |     1.9743306332573831 |        3936389276.332443 |  2.312403486894259e-18 |  7.740410980991656e-19 |
|     4.72 |     0.1 |     0.5 |           10.0 |        0.02 |      3.510911513730712 |             7000000000.0 |  4.112099508446268e-18 |  1.376461347273663e-18 |
|     4.72 |     0.1 |     0.5 |          10.25 |        0.02 |      6.243381655335912 |       12447955870.272459 |   7.31246188790118e-18 | 2.4477328725711924e-18 |
|     4.72 |     0.1 |     0.5 |           10.5 |        0.02 |      11.10247704669858 |       22135943621.178654 | 1.3003600411949017e-17 | 4.3527529685687766e-18 |
|     4.72 |     0.1 |     0.5 |          10.75 |        0.02 |      19.74330633257383 |        39363892763.32443 | 2.3124034868942576e-17 |  7.740410980991651e-18 |
|     4.72 |     0.1 |     0.5 |           11.0 |        0.02 |      35.10911513730712 |            70000000000.0 |  4.112099508446272e-17 | 1.3764613472736636e-17 |
|     4.72 |     0.1 |     0.5 |          11.25 |        0.02 |     62.433816553359115 |       124479558702.72458 |  7.312461887901179e-17 | 2.4477328725711915e-17 |
|     4.72 |     0.1 |     0.8 |            8.0 |        0.02 |   0.002691828092752804 |               70000000.0 |  3.160073477348372e-21 | 1.0575983807795912e-21 |
|     4.72 |     0.1 |     0.8 |           8.25 |        0.02 |   0.004786822472706654 |       124479558.70272458 |  5.619493598978715e-21 | 1.8807054246308523e-21 |
|     4.72 |     0.1 |     0.8 |            8.5 |        0.02 |    0.00851230784272585 |       221359436.21178657 |  9.993029761909372e-21 |  3.344419732969554e-21 |
|     4.72 |     0.1 |     0.8 |           8.75 |        0.02 |   0.015137261768632218 |       393638927.63324434 |   1.77703990695096e-20 |  5.947312749667631e-21 |
|     4.72 |     0.1 |     0.8 |            9.0 |        0.02 |   0.026918280927528043 |              700000000.0 | 3.1600734773483745e-20 |  1.057598380779592e-20 |
|     4.72 |     0.1 |     0.8 |           9.25 |        0.02 |   0.047868224727066554 |       1244795587.0272458 |  5.619493598978713e-20 |  1.880705424630852e-20 |
|     4.72 |     0.1 |     0.8 |            9.5 |        0.02 |    0.08512307842725848 |       2213594362.1178656 |  9.993029761909366e-20 | 3.3444197329695523e-20 |
|     4.72 |     0.1 |     0.8 |           9.75 |        0.02 |    0.15137261768632215 |        3936389276.332443 | 1.7770399069509599e-19 |  5.947312749667632e-20 |
|     4.72 |     0.1 |     0.8 |           10.0 |        0.02 |    0.26918280927528043 |             7000000000.0 |  3.160073477348374e-19 | 1.0575983807795919e-19 |
|     4.72 |     0.1 |     0.8 |          10.25 |        0.02 |     0.4786822472706656 |       12447955870.272459 |  5.619493598978715e-19 |  1.880705424630852e-19 |
|     4.72 |     0.1 |     0.8 |           10.5 |        0.02 |     0.8512307842725848 |       22135943621.178654 |  9.993029761909382e-19 | 3.3444197329695574e-19 |
|     4.72 |     0.1 |     0.8 |          10.75 |        0.02 |      1.513726176863222 |        39363892763.32443 | 1.7770399069509596e-18 |  5.947312749667632e-19 |
|     4.72 |     0.1 |     0.8 |           11.0 |        0.02 |     2.6918280927528038 |            70000000000.0 | 3.1600734773483746e-18 | 1.0575983807795916e-18 |
|     4.72 |     0.1 |     0.8 |          11.25 |        0.02 |      4.786822472706655 |       124479558702.72458 |  5.619493598978714e-18 | 1.8807054246308524e-18 |
|     4.72 |     0.1 |     1.0 |            8.0 |        0.02 | 0.00045422613780712835 |               70000000.0 |  5.338035454284105e-22 |  1.786403343297149e-22 |
|     4.72 |     0.1 |     1.0 |           8.25 |        0.02 |  0.0008077409883639189 |       124479558.70272458 |  9.492518538411197e-22 | 3.1767242834100156e-22 |
|     4.72 |     0.1 |     1.0 |            8.5 |        0.02 |   0.001436389168252046 |       221359436.21178657 | 1.6880350266269394e-21 |   5.64910338455868e-22 |
|     4.72 |     0.1 |     1.0 |           8.75 |        0.02 |  0.0025543012827055475 |       393638927.63324434 | 3.0017979312751908e-21 | 1.0045684233941889e-21 |
|     4.72 |     0.1 |     1.0 |            9.0 |        0.02 |   0.004542261378071284 |              700000000.0 |  5.338035454284105e-21 |  1.786403343297149e-21 |
|     4.72 |     0.1 |     1.0 |           9.25 |        0.02 |   0.008077409883639189 |       1244795587.0272458 |  9.492518538411198e-21 | 3.1767242834100155e-21 |
|     4.72 |     0.1 |     1.0 |            9.5 |        0.02 |    0.01436389168252046 |       2213594362.1178656 | 1.6880350266269396e-20 |   5.64910338455868e-21 |
|     4.72 |     0.1 |     1.0 |           9.75 |        0.02 |   0.025543012827055473 |        3936389276.332443 | 3.0017979312751904e-20 | 1.0045684233941891e-20 |
|     4.72 |     0.1 |     1.0 |           10.0 |        0.02 |    0.04542261378071284 |             7000000000.0 |  5.338035454284104e-20 | 1.7864033432971487e-20 |
|     4.72 |     0.1 |     1.0 |          10.25 |        0.02 |    0.08077409883639187 |       12447955870.272459 |   9.49251853841119e-20 |  3.176724283410013e-20 |
|     4.72 |     0.1 |     1.0 |           10.5 |        0.02 |    0.14363891682520458 |       22135943621.178654 | 1.6880350266269384e-19 |  5.649103384558677e-20 |
|     4.72 |     0.1 |     1.0 |          10.75 |        0.02 |    0.25543012827055467 |        39363892763.32443 |  3.001797931275191e-19 |  1.004568423394189e-19 |
|     4.72 |     0.1 |     1.0 |           11.0 |        0.02 |     0.4542261378071284 |            70000000000.0 |  5.338035454284106e-19 |  1.786403343297149e-19 |
|     4.72 |     0.1 |     1.0 |          11.25 |        0.02 |     0.8077409883639188 |       124479558702.72458 |   9.49251853841119e-19 |  3.176724283410014e-19 |
|     4.72 |     0.3 |    0.01 |            8.0 |        0.02 |     19.778396429633663 |               70000000.0 | 1.6094897548349962e-17 |  5.567114219832691e-18 |
|     4.72 |     0.3 |    0.01 |           8.25 |        0.02 |      35.17151513440489 |       124479558.70272458 |  2.862122491691668e-17 |  9.899884590463379e-18 |
|     4.72 |     0.3 |    0.01 |            8.5 |        0.02 |      62.54478118338458 |       221359436.21178657 |  5.089653495984588e-17 |  1.760476092898262e-17 |
|     4.72 |     0.3 |    0.01 |           8.75 |        0.02 |     111.22209658380265 |       393638927.63324434 |  9.050826016142007e-17 |  3.130618387866747e-17 |
|     4.72 |     0.3 |    0.01 |            9.0 |        0.02 |     197.78396429633665 |              700000000.0 | 1.6094897548349945e-16 |  5.567114219832684e-17 |
|     4.72 |     0.3 |    0.01 |           9.25 |        0.02 |      351.7151513440489 |       1244795587.0272458 |  2.862122491691664e-16 |  9.899884590463361e-17 |
|     4.72 |     0.3 |    0.01 |            9.5 |        0.02 |      625.4478118338457 |       2213594362.1178656 |  5.089653495984584e-16 |   1.76047609289826e-16 |
|     4.72 |     0.3 |    0.01 |           9.75 |        0.02 |     1112.2209658380264 |        3936389276.332443 |     9.050826016142e-16 |  3.130618387866745e-16 |
|     4.72 |     0.3 |    0.01 |           10.0 |        0.02 |     1977.8396429633665 |             7000000000.0 | 1.6094897548349948e-15 |  5.567114219832687e-16 |
|     4.72 |     0.3 |    0.01 |          10.25 |        0.02 |     3517.1515134404895 |       12447955870.272459 |  2.862122491691663e-15 |   9.89988459046336e-16 |
|     4.72 |     0.3 |    0.01 |           10.5 |        0.02 |      6254.478118338457 |       22135943621.178654 |  5.089653495984587e-15 | 1.7604760928982618e-15 |
|     4.72 |     0.3 |    0.01 |          10.75 |        0.02 |     11122.209658380261 |        39363892763.32443 |  9.050826016142006e-15 | 3.1306183878667472e-15 |
|     4.72 |     0.3 |    0.01 |           11.0 |        0.02 |     19778.396429633664 |            70000000000.0 | 1.6094897548349944e-14 |  5.567114219832685e-15 |
|     4.72 |     0.3 |    0.01 |          11.25 |        0.02 |     35171.515134404886 |       124479558702.72458 |  2.862122491691667e-14 |  9.899884590463368e-15 |
|     4.72 |     0.3 |     0.1 |            8.0 |        0.02 |     1.7840836785516268 |               70000000.0 | 1.9981477232358257e-18 |  6.711338342311953e-19 |
|     4.72 |     0.3 |     0.1 |           8.25 |        0.02 |     3.1725992713548576 |       124479558.70272458 |   3.55326495444642e-18 |   1.19346347879381e-18 |
|     4.72 |     0.3 |     0.1 |            8.5 |        0.02 |     5.6417679605548345 |       221359436.21178657 | 6.3186979069049626e-18 | 2.1223115309724576e-18 |
|     4.72 |     0.3 |     0.1 |           8.75 |        0.02 |     10.032639800471946 |       393638927.63324434 | 1.1236410386105125e-17 |  3.774062897216501e-18 |
|     4.72 |     0.3 |     0.1 |            9.0 |        0.02 |      17.84083678551627 |              700000000.0 | 1.9981477232358248e-17 |  6.711338342311947e-18 |
|     4.72 |     0.3 |     0.1 |           9.25 |        0.02 |      31.72599271354858 |       1244795587.0272458 | 3.5532649544464245e-17 | 1.1934634787938109e-17 |
|     4.72 |     0.3 |     0.1 |            9.5 |        0.02 |      56.41767960554834 |       2213594362.1178656 |  6.318697906904962e-17 |  2.122311530972457e-17 |
|     4.72 |     0.3 |     0.1 |           9.75 |        0.02 |     100.32639800471947 |        3936389276.332443 | 1.1236410386105134e-16 | 3.7740628972165044e-17 |
|     4.72 |     0.3 |     0.1 |           10.0 |        0.02 |     178.40836785516268 |             7000000000.0 | 1.9981477232358247e-16 |  6.711338342311947e-17 |
|     4.72 |     0.3 |     0.1 |          10.25 |        0.02 |     317.25992713548584 |       12447955870.272459 |  3.553264954446422e-16 |   1.19346347879381e-16 |
|     4.72 |     0.3 |     0.1 |           10.5 |        0.02 |      564.1767960554832 |       22135943621.178654 |  6.318697906904963e-16 | 2.1223115309724574e-16 |
|     4.72 |     0.3 |     0.1 |          10.75 |        0.02 |     1003.2639800471945 |        39363892763.32443 |  1.123641038610513e-15 |  3.774062897216503e-16 |
|     4.72 |     0.3 |     0.1 |           11.0 |        0.02 |     1784.0836785516265 |            70000000000.0 |  1.998147723235826e-15 |  6.711338342311952e-16 |
|     4.72 |     0.3 |     0.1 |          11.25 |        0.02 |     3172.5992713548576 |       124479558702.72458 | 3.5532649544464235e-15 | 1.1934634787938104e-15 |
|     4.72 |     0.3 |     0.2 |            8.0 |        0.02 |      0.790636845368783 |               70000000.0 |  8.992532063288823e-19 |  3.016804358276109e-19 |
|     4.72 |     0.3 |     0.2 |           8.25 |        0.02 |     1.4059732229374344 |       124479558.70272458 | 1.5991234612261358e-18 |  5.364721074438096e-19 |
|     4.72 |     0.3 |     0.2 |            8.5 |        0.02 |      2.500213233415704 |       221359436.21178657 | 2.8436883252086125e-18 |  9.539973027275152e-19 |
|     4.72 |     0.3 |     0.2 |           8.75 |        0.02 |      4.446077713689986 |       393638927.63324434 | 5.0568723972865445e-18 | 1.6964737606730089e-18 |
|     4.72 |     0.3 |     0.2 |            9.0 |        0.02 |       7.90636845368783 |              700000000.0 |  8.992532063288827e-18 | 3.0168043582761114e-18 |
|     4.72 |     0.3 |     0.2 |           9.25 |        0.02 |     14.059732229374346 |       1244795587.0272458 | 1.5991234612261348e-17 |  5.364721074438091e-18 |
|     4.72 |     0.3 |     0.2 |            9.5 |        0.02 |      25.00213233415704 |       2213594362.1178656 | 2.8436883252086096e-17 |   9.53997302727514e-18 |
|     4.72 |     0.3 |     0.2 |           9.75 |        0.02 |      44.46077713689986 |        3936389276.332443 |  5.056872397286541e-17 | 1.6964737606730082e-17 |
|     4.72 |     0.3 |     0.2 |           10.0 |        0.02 |       79.0636845368783 |             7000000000.0 |   8.99253206328882e-17 |  3.016804358276108e-17 |
|     4.72 |     0.3 |     0.2 |          10.25 |        0.02 |     140.59732229374347 |       12447955870.272459 | 1.5991234612261352e-16 |  5.364721074438093e-17 |
|     4.72 |     0.3 |     0.2 |           10.5 |        0.02 |      250.0213233415704 |       22135943621.178654 |   2.84368832520861e-16 |  9.539973027275146e-17 |
|     4.72 |     0.3 |     0.2 |          10.75 |        0.02 |     444.60777136899856 |        39363892763.32443 |   5.05687239728654e-16 | 1.6964737606730079e-16 |
|     4.72 |     0.3 |     0.2 |           11.0 |        0.02 |      790.6368453687829 |            70000000000.0 |  8.992532063288817e-16 |  3.016804358276108e-16 |
|     4.72 |     0.3 |     0.2 |          11.25 |        0.02 |     1405.9732229374342 |       124479558702.72458 | 1.5991234612261342e-15 |  5.364721074438091e-16 |
|     4.72 |     0.3 |     0.3 |            8.0 |        0.02 |     0.4640703970591113 |               70000000.0 |  5.305250026640123e-19 | 1.7791077491016968e-19 |
|     4.72 |     0.3 |     0.3 |           8.25 |        0.02 |      0.825246831898805 |       124479558.70272458 |   9.43421688748257e-19 | 3.1637506784682406e-19 |
|     4.72 |     0.3 |     0.3 |            8.5 |        0.02 |     1.4675194493654973 |       221359436.21178657 |  1.677667364085176e-18 |  5.626032690016746e-19 |
|     4.72 |     0.3 |     0.3 |           8.75 |        0.02 |     2.6096596206383214 |       393638927.63324434 |  2.983361330446941e-18 | 1.0004658092862674e-18 |
|     4.72 |     0.3 |     0.3 |            9.0 |        0.02 |      4.640703970591112 |              700000000.0 |  5.305250026640123e-18 |  1.779107749101697e-18 |
|     4.72 |     0.3 |     0.3 |           9.25 |        0.02 |       8.25246831898805 |       1244795587.0272458 |   9.43421688748258e-18 | 3.1637506784682435e-18 |
|     4.72 |     0.3 |     0.3 |            9.5 |        0.02 |      14.67519449365497 |       2213594362.1178656 | 1.6776673640851753e-17 |  5.626032690016747e-18 |
|     4.72 |     0.3 |     0.3 |           9.75 |        0.02 |     26.096596206383214 |        3936389276.332443 |  2.983361330446942e-17 | 1.0004658092862674e-17 |
|     4.72 |     0.3 |     0.3 |           10.0 |        0.02 |     46.407039705911124 |             7000000000.0 | 5.3052500266401206e-17 | 1.7791077491016962e-17 |
|     4.72 |     0.3 |     0.3 |          10.25 |        0.02 |       82.5246831898805 |       12447955870.272459 |  9.434216887482574e-17 |  3.163750678468241e-17 |
|     4.72 |     0.3 |     0.3 |           10.5 |        0.02 |      146.7519449365497 |       22135943621.178654 |  1.677667364085175e-16 |  5.626032690016743e-17 |
|     4.72 |     0.3 |     0.3 |          10.75 |        0.02 |      260.9659620638321 |        39363892763.32443 |  2.983361330446942e-16 | 1.0004658092862676e-16 |
|     4.72 |     0.3 |     0.3 |           11.0 |        0.02 |     464.07039705911126 |            70000000000.0 | 5.3052500266401195e-16 |  1.779107749101696e-16 |
|     4.72 |     0.3 |     0.3 |          11.25 |        0.02 |      825.2468318988049 |       124479558702.72458 |  9.434216887482577e-16 | 3.1637506784682415e-16 |
|     4.72 |     0.3 |     0.4 |            8.0 |        0.02 |    0.30434426206665055 |               70000000.0 |  3.488113489260506e-19 | 1.1695081211940487e-19 |
|     4.72 |     0.3 |     0.4 |           8.25 |        0.02 |     0.5412091347966147 |       124479558.70272458 |  6.202840397830979e-19 | 2.0797122117926814e-19 |
|     4.72 |     0.3 |     0.4 |            8.5 |        0.02 |     0.9624210609337996 |       221359436.21178657 |  1.103038336322048e-18 | 3.6983094050374353e-19 |
|     4.72 |     0.3 |     0.4 |           8.75 |        0.02 |     1.7114535564463915 |       393638927.63324434 |  1.961510361965086e-18 |  6.576627466931366e-19 |
|     4.72 |     0.3 |     0.4 |            9.0 |        0.02 |      3.043442620666506 |              700000000.0 |  3.488113489260506e-18 | 1.1695081211940484e-18 |
|     4.72 |     0.3 |     0.4 |           9.25 |        0.02 |      5.412091347966147 |       1244795587.0272458 |  6.202840397830982e-18 |  2.079712211792682e-18 |
|     4.72 |     0.3 |     0.4 |            9.5 |        0.02 |      9.624210609337997 |       2213594362.1178656 |  1.103038336322047e-17 | 3.6983094050374325e-18 |
|     4.72 |     0.3 |     0.4 |           9.75 |        0.02 |     17.114535564463914 |        3936389276.332443 | 1.9615103619650854e-17 |  6.576627466931367e-18 |
|     4.72 |     0.3 |     0.4 |           10.0 |        0.02 |     30.434426206665055 |             7000000000.0 |  3.488113489260508e-17 | 1.1695081211940493e-17 |
|     4.72 |     0.3 |     0.4 |          10.25 |        0.02 |      54.12091347966147 |       12447955870.272459 |  6.202840397830982e-17 | 2.0797122117926814e-17 |
|     4.72 |     0.3 |     0.4 |           10.5 |        0.02 |      96.24210609337999 |       22135943621.178654 |  1.103038336322047e-16 |  3.698309405037433e-17 |
|     4.72 |     0.3 |     0.4 |          10.75 |        0.02 |     171.14535564463912 |        39363892763.32443 | 1.9615103619650855e-16 |  6.576627466931365e-17 |
|     4.72 |     0.3 |     0.4 |           11.0 |        0.02 |      304.3442620666505 |            70000000000.0 | 3.4881134892605033e-16 | 1.1695081211940477e-16 |
|     4.72 |     0.3 |     0.4 |          11.25 |        0.02 |      541.2091347966146 |       124479558702.72458 |   6.20284039783098e-16 | 2.0797122117926808e-16 |
|     4.72 |     0.3 |     0.5 |            8.0 |        0.02 |     0.2114128213409365 |               70000000.0 |  2.426689733071349e-19 |  8.135360982877948e-20 |
|     4.72 |     0.3 |     0.5 |           8.25 |        0.02 |     0.3759510672088247 |       124479558.70272458 |  4.315332386873627e-19 |  1.446694492908587e-19 |
|     4.72 |     0.3 |     0.5 |            8.5 |        0.02 |     0.6685460419996123 |       221359436.21178657 |  7.673866731051489e-19 |  2.572627029356039e-19 |
|     4.72 |     0.3 |     0.5 |           8.75 |        0.02 |     1.1888616611509273 |       393638927.63324434 | 1.3646279203211567e-18 |  4.574849676013446e-19 |
|     4.72 |     0.3 |     0.5 |            9.0 |        0.02 |      2.114128213409365 |              700000000.0 | 2.4266897330713477e-18 |  8.135360982877949e-19 |
|     4.72 |     0.3 |     0.5 |           9.25 |        0.02 |      3.759510672088248 |       1244795587.0272458 |  4.315332386873628e-18 | 1.4466944929085872e-18 |
|     4.72 |     0.3 |     0.5 |            9.5 |        0.02 |      6.685460419996123 |       2213594362.1178656 |  7.673866731051494e-18 | 2.5726270293560407e-18 |
|     4.72 |     0.3 |     0.5 |           9.75 |        0.02 |     11.888616611509274 |        3936389276.332443 | 1.3646279203211559e-17 |  4.574849676013442e-18 |
|     4.72 |     0.3 |     0.5 |           10.0 |        0.02 |      21.14128213409365 |             7000000000.0 |  2.426689733071349e-17 |  8.135360982877948e-18 |
|     4.72 |     0.3 |     0.5 |          10.25 |        0.02 |      37.59510672088248 |       12447955870.272459 | 4.3153323868736294e-17 | 1.4466944929085872e-17 |
|     4.72 |     0.3 |     0.5 |           10.5 |        0.02 |      66.85460419996123 |       22135943621.178654 |   7.67386673105149e-17 | 2.5726270293560393e-17 |
|     4.72 |     0.3 |     0.5 |          10.75 |        0.02 |     118.88616611509273 |        39363892763.32443 | 1.3646279203211562e-16 |  4.574849676013446e-17 |
|     4.72 |     0.3 |     0.5 |           11.0 |        0.02 |      211.4128213409365 |            70000000000.0 |  2.426689733071347e-16 |  8.135360982877943e-17 |
|     4.72 |     0.3 |     0.5 |          11.25 |        0.02 |      375.9510672088247 |       124479558702.72458 |  4.315332386873628e-16 | 1.4466944929085866e-16 |
|     4.72 |     0.3 |     0.8 |            8.0 |        0.02 |    0.08287815540478258 |               70000000.0 |  9.534881870091811e-20 |  3.195972818557114e-20 |
|     4.72 |     0.3 |     0.8 |           8.25 |        0.02 |    0.14738051729833093 |       124479558.70272458 |   1.69556841067377e-19 |  5.683332658284182e-20 |
|     4.72 |     0.3 |     0.8 |            8.5 |        0.02 |    0.26208373935250723 |       221359436.21178657 |  3.015194393013588e-19 | 1.0106553446628544e-19 |
|     4.72 |     0.3 |     0.8 |           8.75 |        0.02 |     0.4660581173965713 |       393638927.63324434 |  5.361858106360861e-19 |  1.797227590059742e-19 |
|     4.72 |     0.3 |     0.8 |            9.0 |        0.02 |     0.8287815540478258 |              700000000.0 |   9.53488187009181e-19 | 3.1959728185571137e-19 |
|     4.72 |     0.3 |     0.8 |           9.25 |        0.02 |     1.4738051729833095 |       1244795587.0272458 |  1.695568410673769e-18 |  5.683332658284177e-19 |
|     4.72 |     0.3 |     0.8 |            9.5 |        0.02 |     2.6208373935250715 |       2213594362.1178656 |  3.015194393013584e-18 |  1.010655344662853e-18 |
|     4.72 |     0.3 |     0.8 |           9.75 |        0.02 |     4.6605811739657135 |        3936389276.332443 |  5.361858106360863e-18 | 1.7972275900597425e-18 |
|     4.72 |     0.3 |     0.8 |           10.0 |        0.02 |       8.28781554047826 |             7000000000.0 |   9.53488187009181e-18 |  3.195972818557113e-18 |
|     4.72 |     0.3 |     0.8 |          10.25 |        0.02 |     14.738051729833094 |       12447955870.272459 |  1.695568410673769e-17 | 5.6833326582841795e-18 |
|     4.72 |     0.3 |     0.8 |           10.5 |        0.02 |     26.208373935250716 |       22135943621.178654 |  3.015194393013582e-17 | 1.0106553446628531e-17 |
|     4.72 |     0.3 |     0.8 |          10.75 |        0.02 |     46.605811739657135 |        39363892763.32443 |  5.361858106360867e-17 | 1.7972275900597444e-17 |
|     4.72 |     0.3 |     0.8 |           11.0 |        0.02 |      82.87815540478259 |            70000000000.0 |  9.534881870091811e-17 | 3.1959728185571137e-17 |
|     4.72 |     0.3 |     0.8 |          11.25 |        0.02 |     147.38051729833094 |       124479558702.72458 | 1.6955684106737701e-16 |  5.683332658284182e-17 |
|     4.72 |     0.3 |     1.0 |            8.0 |        0.02 |    0.04688570516748193 |               70000000.0 | 5.3983630488607517e-20 |  1.809359990589509e-20 |
|     4.72 |     0.3 |     1.0 |           8.25 |        0.02 |    0.08337588412448864 |       124479558.70272458 |  9.599797857704017e-20 | 3.2175476166135425e-20 |
|     4.72 |     0.3 |     1.0 |            8.5 |        0.02 |    0.14826561803236926 |       221359436.21178657 | 1.7071122870890817e-19 |  5.721698677443676e-20 |
|     4.72 |     0.3 |     1.0 |           8.75 |        0.02 |     0.2636576957636579 |       393638927.63324434 |  3.035722630754967e-19 | 1.0174778948545016e-19 |
|     4.72 |     0.3 |     1.0 |            9.0 |        0.02 |     0.4688570516748193 |              700000000.0 |  5.398363048860748e-19 | 1.8093599905895072e-19 |
|     4.72 |     0.3 |     1.0 |           9.25 |        0.02 |     0.8337588412448864 |       1244795587.0272458 |   9.59979785770402e-19 | 3.2175476166135437e-19 |
|     4.72 |     0.3 |     1.0 |            9.5 |        0.02 |     1.4826561803236926 |       2213594362.1178656 | 1.7071122870890823e-18 |  5.721698677443675e-19 |
|     4.72 |     0.3 |     1.0 |           9.75 |        0.02 |     2.6365769576365787 |        3936389276.332443 |  3.035722630754966e-18 |  1.017477894854501e-18 |
|     4.72 |     0.3 |     1.0 |           10.0 |        0.02 |      4.688570516748193 |             7000000000.0 |  5.398363048860753e-18 | 1.8093599905895084e-18 |
|     4.72 |     0.3 |     1.0 |          10.25 |        0.02 |      8.337588412448865 |       12447955870.272459 |   9.59979785770401e-18 |   3.21754761661354e-18 |
|     4.72 |     0.3 |     1.0 |           10.5 |        0.02 |     14.826561803236924 |       22135943621.178654 | 1.7071122870890816e-17 |  5.721698677443672e-18 |
|     4.72 |     0.3 |     1.0 |          10.75 |        0.02 |     26.365769576365782 |        39363892763.32443 |   3.03572263075497e-17 | 1.0174778948545022e-17 |
|     4.72 |     0.3 |     1.0 |           11.0 |        0.02 |      46.88570516748193 |            70000000000.0 |  5.398363048860749e-17 |  1.809359990589508e-17 |
|     4.72 |     0.3 |     1.0 |          11.25 |        0.02 |      83.37588412448864 |       124479558702.72458 |  9.599797857704016e-17 |  3.217547616613542e-17 |
|     4.72 |     0.5 |    0.01 |            8.0 |        0.02 |     19.866889184691743 |               70000000.0 | 1.6116293220495793e-17 |  5.575173514526913e-18 |
|     4.72 |     0.5 |    0.01 |           8.25 |        0.02 |      35.32887997866228 |       124479558.70272458 | 2.8659272400157525e-17 |  9.914216268277535e-18 |
|     4.72 |     0.5 |    0.01 |            8.5 |        0.02 |     62.824619845791474 |       221359436.21178657 | 5.0964194015896954e-17 | 1.7630246656550886e-17 |
|     4.72 |     0.5 |    0.01 |           8.75 |        0.02 |     111.71972791529367 |       393638927.63324434 |  9.062857686769845e-17 | 3.1351504623252007e-17 |
|     4.72 |     0.5 |    0.01 |            9.0 |        0.02 |     198.66889184691738 |              700000000.0 |  1.611629322049579e-16 |  5.575173514526911e-17 |
|     4.72 |     0.5 |    0.01 |           9.25 |        0.02 |      353.2887997866228 |       1244795587.0272458 |  2.865927240015753e-16 |   9.91421626827754e-17 |
|     4.72 |     0.5 |    0.01 |            9.5 |        0.02 |      628.2461984579147 |       2213594362.1178656 |  5.096419401589693e-16 | 1.7630246656550872e-16 |
|     4.72 |     0.5 |    0.01 |           9.75 |        0.02 |     1117.1972791529367 |        3936389276.332443 |  9.062857686769836e-16 |  3.135150462325197e-16 |
|     4.72 |     0.5 |    0.01 |           10.0 |        0.02 |     1986.6889184691738 |             7000000000.0 | 1.6116293220495782e-15 |  5.575173514526909e-16 |
|     4.72 |     0.5 |    0.01 |          10.25 |        0.02 |     3532.8879978662285 |       12447955870.272459 | 2.8659272400157545e-15 |  9.914216268277544e-16 |
|     4.72 |     0.5 |    0.01 |           10.5 |        0.02 |      6282.461984579148 |       22135943621.178654 | 5.0964194015896914e-15 | 1.7630246656550876e-15 |
|     4.72 |     0.5 |    0.01 |          10.75 |        0.02 |     11171.972791529368 |        39363892763.32443 |   9.06285768676984e-15 |  3.135150462325199e-15 |
|     4.72 |     0.5 |    0.01 |           11.0 |        0.02 |      19866.88918469174 |            70000000000.0 |  1.611629322049579e-14 |   5.57517351452691e-15 |
|     4.72 |     0.5 |    0.01 |          11.25 |        0.02 |     35328.879978662284 |       124479558702.72458 | 2.8659272400157526e-14 |  9.914216268277538e-15 |
|     4.72 |     0.5 |     0.1 |            8.0 |        0.02 |     1.8689180011592623 |               70000000.0 |  2.084885264252533e-18 |  7.004703115329738e-19 |
|     4.72 |     0.5 |     0.1 |           8.25 |        0.02 |      3.323458400512615 |       124479558.70272458 |  3.707508537713835e-18 |  1.245631932342636e-18 |
|     4.72 |     0.5 |     0.1 |            8.5 |        0.02 |      5.910037643752477 |       221359436.21178657 |  6.592986095160028e-18 | 2.2150816177719057e-18 |
|     4.72 |     0.5 |     0.1 |           8.75 |        0.02 |      10.50969825443998 |       393638927.63324434 |    1.1724171423696e-17 | 3.9390340324394896e-18 |
|     4.72 |     0.5 |     0.1 |            9.0 |        0.02 |     18.689180011592622 |              700000000.0 | 2.0848852642525314e-17 |  7.004703115329732e-18 |
|     4.72 |     0.5 |     0.1 |           9.25 |        0.02 |      33.23458400512616 |       1244795587.0272458 |  3.707508537713834e-17 | 1.2456319323426356e-17 |
|     4.72 |     0.5 |     0.1 |            9.5 |        0.02 |     59.100376437524766 |       2213594362.1178656 |  6.592986095160033e-17 | 2.2150816177719077e-17 |
|     4.72 |     0.5 |     0.1 |           9.75 |        0.02 |      105.0969825443998 |        3936389276.332443 | 1.1724171423695996e-16 |  3.939034032439488e-17 |
|     4.72 |     0.5 |     0.1 |           10.0 |        0.02 |     186.89180011592623 |             7000000000.0 | 2.0848852642525297e-16 |  7.004703115329727e-17 |
|     4.72 |     0.5 |     0.1 |          10.25 |        0.02 |      332.3458400512616 |       12447955870.272459 | 3.7075085377138356e-16 |  1.245631932342636e-16 |
|     4.72 |     0.5 |     0.1 |           10.5 |        0.02 |      591.0037643752476 |       22135943621.178654 |  6.592986095160026e-16 | 2.2150816177719058e-16 |
|     4.72 |     0.5 |     0.1 |          10.75 |        0.02 |     1050.9698254439977 |        39363892763.32443 | 1.1724171423695993e-15 | 3.9390340324394867e-16 |
|     4.72 |     0.5 |     0.1 |           11.0 |        0.02 |     1868.9180011592625 |            70000000000.0 | 2.0848852642525317e-15 |  7.004703115329734e-16 |
|     4.72 |     0.5 |     0.1 |          11.25 |        0.02 |     3323.4584005126158 |       124479558702.72458 |  3.707508537713835e-15 | 1.2456319323426364e-15 |
|     4.72 |     0.5 |     0.2 |            8.0 |        0.02 |     0.8712253027233926 |               70000000.0 |  9.869609385703977e-19 | 3.3120271368133775e-19 |
|     4.72 |     0.5 |     0.2 |           8.25 |        0.02 |     1.5492820173379367 |       124479558.70272458 | 1.7550923155724283e-18 |  5.889709662885395e-19 |
|     4.72 |     0.5 |     0.2 |            8.5 |        0.02 |      2.755056311775618 |       221359436.21178657 | 3.1210445274999824e-18 | 1.0473549424616378e-18 |
|     4.72 |     0.5 |     0.2 |           8.75 |        0.02 |      4.899259912728357 |       393638927.63324434 | 5.5500892210678835e-18 | 1.8624897291820334e-18 |
|     4.72 |     0.5 |     0.2 |            9.0 |        0.02 |      8.712253027233924 |              700000000.0 |  9.869609385703975e-18 | 3.3120271368133764e-18 |
|     4.72 |     0.5 |     0.2 |           9.25 |        0.02 |     15.492820173379366 |       1244795587.0272458 | 1.7550923155724286e-17 |  5.889709662885396e-18 |
|     4.72 |     0.5 |     0.2 |            9.5 |        0.02 |     27.550563117756177 |       2213594362.1178656 |  3.121044527499986e-17 | 1.0473549424616387e-17 |
|     4.72 |     0.5 |     0.2 |           9.75 |        0.02 |      48.99259912728356 |        3936389276.332443 |  5.550089221067884e-17 |  1.862489729182033e-17 |
|     4.72 |     0.5 |     0.2 |           10.0 |        0.02 |      87.12253027233926 |             7000000000.0 |   9.86960938570397e-17 | 3.3120271368133754e-17 |
|     4.72 |     0.5 |     0.2 |          10.25 |        0.02 |     154.92820173379363 |       12447955870.272459 |  1.755092315572429e-16 |  5.889709662885396e-17 |
|     4.72 |     0.5 |     0.2 |           10.5 |        0.02 |      275.5056311775618 |       22135943621.178654 | 3.1210445274999827e-16 | 1.0473549424616377e-16 |
|     4.72 |     0.5 |     0.2 |          10.75 |        0.02 |     489.92599127283563 |        39363892763.32443 |  5.550089221067879e-16 | 1.8624897291820318e-16 |
|     4.72 |     0.5 |     0.2 |           11.0 |        0.02 |      871.2253027233926 |            70000000000.0 |  9.869609385703979e-16 |  3.312027136813379e-16 |
|     4.72 |     0.5 |     0.2 |          11.25 |        0.02 |     1549.2820173379366 |       124479558702.72458 | 1.7550923155724295e-15 |  5.889709662885397e-16 |
|     4.72 |     0.5 |     0.3 |            8.0 |        0.02 |     0.5402514320671059 |               70000000.0 |  6.151441351070164e-19 | 2.0634927254616163e-19 |
|     4.72 |     0.5 |     0.3 |           8.25 |        0.02 |     0.9607179978889763 |       124479558.70272458 | 1.0938981496670093e-18 | 3.6694666264534942e-19 |
|     4.72 |     0.5 |     0.3 |            8.5 |        0.02 |      1.708425034499784 |       221359436.21178657 |  1.945256556232518e-18 |  6.525336947647234e-19 |
|     4.72 |     0.5 |     0.3 |           8.75 |        0.02 |      3.038057062446002 |       393638927.63324434 |  3.459209681191507e-18 | 1.1603872337567304e-18 |
|     4.72 |     0.5 |     0.3 |            9.0 |        0.02 |      5.402514320671059 |              700000000.0 |  6.151441351070167e-18 | 2.0634927254616175e-18 |
|     4.72 |     0.5 |     0.3 |           9.25 |        0.02 |      9.607179978889762 |       1244795587.0272458 | 1.0938981496670094e-17 | 3.6694666264534954e-18 |
|     4.72 |     0.5 |     0.3 |            9.5 |        0.02 |     17.084250344997837 |       2213594362.1178656 |  1.945256556232519e-17 |  6.525336947647236e-18 |
|     4.72 |     0.5 |     0.3 |           9.75 |        0.02 |     30.380570624460017 |        3936389276.332443 | 3.4592096811915086e-17 | 1.1603872337567308e-17 |
|     4.72 |     0.5 |     0.3 |           10.0 |        0.02 |      54.02514320671059 |             7000000000.0 |  6.151441351070166e-17 |  2.063492725461617e-17 |
|     4.72 |     0.5 |     0.3 |          10.25 |        0.02 |      96.07179978889764 |       12447955870.272459 | 1.0938981496670088e-16 | 3.6694666264534943e-17 |
|     4.72 |     0.5 |     0.3 |           10.5 |        0.02 |     170.84250344997838 |       22135943621.178654 | 1.9452565562325195e-16 |  6.525336947647236e-17 |
|     4.72 |     0.5 |     0.3 |          10.75 |        0.02 |      303.8057062446002 |        39363892763.32443 |  3.459209681191507e-16 |   1.16038723375673e-16 |
|     4.72 |     0.5 |     0.3 |           11.0 |        0.02 |       540.251432067106 |            70000000000.0 |  6.151441351070169e-16 | 2.0634927254616172e-16 |
|     4.72 |     0.5 |     0.3 |          11.25 |        0.02 |      960.7179978889762 |       124479558702.72458 | 1.0938981496670084e-15 |  3.669466626453492e-16 |
|     4.72 |     0.5 |     0.4 |            8.0 |        0.02 |    0.37599203575275386 |               70000000.0 | 4.2920090343238297e-19 | 1.4394724672353644e-19 |
|     4.72 |     0.5 |     0.4 |           8.25 |        0.02 |     0.6686188955177407 |       124479558.70272458 |  7.632391293439114e-19 | 2.5597842498025782e-19 |
|     4.72 |     0.5 |     0.4 |            8.5 |        0.02 |     1.1889912150621642 |       221359436.21178657 |  1.357252428648311e-18 | 4.5520116255658525e-19 |
|     4.72 |     0.5 |     0.4 |           8.75 |        0.02 |     2.1143585964622074 |       393638927.63324434 |  2.413574048090613e-18 |   8.09474854800156e-19 |
|     4.72 |     0.5 |     0.4 |            9.0 |        0.02 |      3.759920357527539 |              700000000.0 |  4.292009034323832e-18 | 1.4394724672353655e-18 |
|     4.72 |     0.5 |     0.4 |           9.25 |        0.02 |      6.686188955177406 |       1244795587.0272458 |  7.632391293439109e-18 |  2.559784249802577e-18 |
|     4.72 |     0.5 |     0.4 |            9.5 |        0.02 |      11.88991215062164 |       2213594362.1178656 |  1.357252428648311e-17 |  4.552011625565852e-18 |
|     4.72 |     0.5 |     0.4 |           9.75 |        0.02 |     21.143585964622073 |        3936389276.332443 | 2.4135740480906145e-17 |  8.094748548001564e-18 |
|     4.72 |     0.5 |     0.4 |           10.0 |        0.02 |      37.59920357527538 |             7000000000.0 |  4.292009034323829e-17 | 1.4394724672353638e-17 |
|     4.72 |     0.5 |     0.4 |          10.25 |        0.02 |      66.86188955177407 |       12447955870.272459 |  7.632391293439109e-17 | 2.5597842498025777e-17 |
|     4.72 |     0.5 |     0.4 |           10.5 |        0.02 |     118.89912150621642 |       22135943621.178654 | 1.3572524286483104e-16 |  4.552011625565852e-17 |
|     4.72 |     0.5 |     0.4 |          10.75 |        0.02 |      211.4358596462207 |        39363892763.32443 |  2.413574048090612e-16 |   8.09474854800156e-17 |
|     4.72 |     0.5 |     0.4 |           11.0 |        0.02 |      375.9920357527539 |            70000000000.0 |   4.29200903432383e-16 | 1.4394724672353642e-16 |
|     4.72 |     0.5 |     0.4 |          11.25 |        0.02 |      668.6188955177407 |       124479558702.72458 |  7.632391293439106e-16 | 2.5597842498025763e-16 |
|     4.72 |     0.5 |     0.5 |            8.0 |        0.02 |    0.27844223823546677 |               70000000.0 | 3.1832756224147636e-19 | 1.0674982746676248e-19 |
|     4.72 |     0.5 |     0.5 |           8.25 |        0.02 |      0.495148099139283 |       124479558.70272458 |  5.660753495819011e-19 | 1.8983102020935115e-19 |
|     4.72 |     0.5 |     0.5 |            8.5 |        0.02 |     0.8805116696192984 |       221359436.21178657 | 1.0066401386920804e-18 |  3.375725946249718e-19 |
|     4.72 |     0.5 |     0.5 |           8.75 |        0.02 |     1.5657957723829927 |       393638927.63324434 | 1.7900874319548526e-18 |  6.002983944150037e-19 |
|     4.72 |     0.5 |     0.5 |            9.0 |        0.02 |     2.7844223823546677 |              700000000.0 | 3.1832756224147665e-18 | 1.0674982746676252e-18 |
|     4.72 |     0.5 |     0.5 |           9.25 |        0.02 |       4.95148099139283 |       1244795587.0272458 |  5.660753495819013e-18 | 1.8983102020935116e-18 |
|     4.72 |     0.5 |     0.5 |            9.5 |        0.02 |      8.805116696192984 |       2213594362.1178656 | 1.0066401386920802e-17 |  3.375725946249718e-18 |
|     4.72 |     0.5 |     0.5 |           9.75 |        0.02 |     15.657957723829927 |        3936389276.332443 | 1.7900874319548528e-17 | 6.0029839441500366e-18 |
|     4.72 |     0.5 |     0.5 |           10.0 |        0.02 |     27.844223823546677 |             7000000000.0 |  3.183275622414764e-17 | 1.0674982746676246e-17 |
|     4.72 |     0.5 |     0.5 |          10.25 |        0.02 |       49.5148099139283 |       12447955870.272459 |  5.660753495819015e-17 |  1.898310202093512e-17 |
|     4.72 |     0.5 |     0.5 |           10.5 |        0.02 |      88.05116696192982 |       22135943621.178654 | 1.0066401386920802e-16 |  3.375725946249718e-17 |
|     4.72 |     0.5 |     0.5 |          10.75 |        0.02 |     156.57957723829927 |        39363892763.32443 | 1.7900874319548514e-16 |  6.002983944150032e-17 |
|     4.72 |     0.5 |     0.5 |           11.0 |        0.02 |     278.44223823546673 |            70000000000.0 | 3.1832756224147646e-16 | 1.0674982746676246e-16 |
|     4.72 |     0.5 |     0.5 |          11.25 |        0.02 |     495.14809913928303 |       124479558702.72458 |  5.660753495819014e-16 | 1.8983102020935122e-16 |
|     4.72 |     0.5 |     0.8 |            8.0 |        0.02 |     0.1359947260744871 |               70000000.0 | 1.5582990456242713e-19 |  5.224795783057661e-20 |
|     4.72 |     0.5 |     0.8 |           8.25 |        0.02 |    0.24183662125214384 |       124479558.70272458 |  2.771091107516946e-19 |  9.291146762669633e-20 |
|     4.72 |     0.5 |     0.8 |            8.5 |        0.02 |     0.4300530841660688 |       221359436.21178657 |  4.927774259839338e-19 | 1.6522254983705203e-19 |
|     4.72 |     0.5 |     0.8 |           8.75 |        0.02 |     0.7647545447962559 |       393638927.63324434 |  8.762959503592097e-19 | 2.9381185844935954e-19 |
|     4.72 |     0.5 |     0.8 |            9.0 |        0.02 |     1.3599472607448708 |              700000000.0 | 1.5582990456242717e-18 |  5.224795783057664e-19 |
|     4.72 |     0.5 |     0.8 |           9.25 |        0.02 |      2.418366212521438 |       1244795587.0272458 | 2.7710911075169462e-18 |  9.291146762669635e-19 |
|     4.72 |     0.5 |     0.8 |            9.5 |        0.02 |      4.300530841660687 |       2213594362.1178656 |  4.927774259839345e-18 | 1.6522254983705214e-18 |
|     4.72 |     0.5 |     0.8 |           9.75 |        0.02 |      7.647545447962559 |        3936389276.332443 |  8.762959503592091e-18 | 2.9381185844935943e-18 |
|     4.72 |     0.5 |     0.8 |           10.0 |        0.02 |     13.599472607448707 |             7000000000.0 | 1.5582990456242715e-17 |  5.224795783057663e-18 |
|     4.72 |     0.5 |     0.8 |          10.25 |        0.02 |     24.183662125214386 |       12447955870.272459 | 2.7710911075169482e-17 |  9.291146762669639e-18 |
|     4.72 |     0.5 |     0.8 |           10.5 |        0.02 |      43.00530841660687 |       22135943621.178654 |   4.92777425983934e-17 | 1.6522254983705202e-17 |
|     4.72 |     0.5 |     0.8 |          10.75 |        0.02 |       76.4754544796256 |        39363892763.32443 |  8.762959503592096e-17 | 2.9381185844935953e-17 |
|     4.72 |     0.5 |     0.8 |           11.0 |        0.02 |     135.99472607448712 |            70000000000.0 | 1.5582990456242722e-16 |  5.224795783057665e-17 |
|     4.72 |     0.5 |     0.8 |          11.25 |        0.02 |      241.8366212521438 |       124479558702.72458 |  2.771091107516946e-16 |  9.291146762669632e-17 |
|     4.72 |     0.5 |     1.0 |            8.0 |        0.02 |    0.09113576837112104 |               70000000.0 | 1.0450936093677361e-19 |   3.50387796846672e-20 |
|     4.72 |     0.5 |     1.0 |           8.25 |        0.02 |    0.16206486041244106 |       124479558.70272458 | 1.8584684471019063e-19 |  6.230874046613378e-20 |
|     4.72 |     0.5 |     1.0 |            8.5 |        0.02 |    0.28819660436227607 |       221359436.21178657 |  3.304876173688331e-19 |  1.108023502363847e-19 |
|     4.72 |     0.5 |     1.0 |           8.75 |        0.02 |     0.5124940875805691 |       393638927.63324434 |  5.876993252398178e-19 | 1.9703753800928429e-19 |
|     4.72 |     0.5 |     1.0 |            9.0 |        0.02 |     0.9113576837112106 |              700000000.0 | 1.0450936093677366e-18 |   3.50387796846672e-19 |
|     4.72 |     0.5 |     1.0 |           9.25 |        0.02 |     1.6206486041244106 |       1244795587.0272458 |  1.858468447101908e-18 |  6.230874046613381e-19 |
|     4.72 |     0.5 |     1.0 |            9.5 |        0.02 |     2.8819660436227603 |       2213594362.1178656 | 3.3048761736883348e-18 | 1.1080235023638482e-18 |
|     4.72 |     0.5 |     1.0 |           9.75 |        0.02 |      5.124940875805692 |        3936389276.332443 |   5.87699325239818e-18 |  1.970375380092844e-18 |
|     4.72 |     0.5 |     1.0 |           10.0 |        0.02 |      9.113576837112104 |             7000000000.0 | 1.0450936093677366e-17 |  3.503877968466721e-18 |
|     4.72 |     0.5 |     1.0 |          10.25 |        0.02 |     16.206486041244105 |       12447955870.272459 | 1.8584684471019064e-17 |  6.230874046613377e-18 |
|     4.72 |     0.5 |     1.0 |           10.5 |        0.02 |     28.819660436227604 |       22135943621.178654 |  3.304876173688333e-17 |  1.108023502363848e-17 |
|     4.72 |     0.5 |     1.0 |          10.75 |        0.02 |     51.249408758056916 |        39363892763.32443 |   5.87699325239818e-17 | 1.9703753800928432e-17 |
|     4.72 |     0.5 |     1.0 |           11.0 |        0.02 |      91.13576837112105 |            70000000000.0 |  1.045093609367736e-16 | 3.5038779684667184e-17 |
|     4.72 |     0.5 |     1.0 |          11.25 |        0.02 |     162.06486041244108 |       124479558702.72458 | 1.8584684471019072e-16 |   6.23087404661338e-17 |
|     4.72 |     1.0 |    0.01 |            8.0 |        0.02 |     19.933388925938797 |               70000000.0 | 1.6132305556863163e-17 |  5.581205556990134e-18 |
|     4.72 |     1.0 |    0.01 |           8.25 |        0.02 |      35.44713509929483 |       124479558.70272458 | 2.8687746808226237e-17 |   9.92494292519037e-18 |
|     4.72 |     1.0 |    0.01 |            8.5 |        0.02 |      63.03491049194401 |       221359436.21178657 |  5.101482946947857e-17 | 1.7649321649677514e-17 |
|     4.72 |     1.0 |    0.01 |           8.75 |        0.02 |     112.09368344147052 |       393638927.63324434 |   9.07186208522206e-17 | 3.1385425290775733e-17 |
|     4.72 |     1.0 |    0.01 |            9.0 |        0.02 |     199.33388925938795 |              700000000.0 | 1.6132305556863154e-16 |  5.581205556990133e-17 |
|     4.72 |     1.0 |    0.01 |           9.25 |        0.02 |      354.4713509929483 |       1244795587.0272458 | 2.8687746808226267e-16 |  9.924942925190376e-17 |
|     4.72 |     1.0 |    0.01 |            9.5 |        0.02 |        630.34910491944 |       2213594362.1178656 |  5.101482946947856e-16 | 1.7649321649677516e-16 |
|     4.72 |     1.0 |    0.01 |           9.75 |        0.02 |     1120.9368344147051 |        3936389276.332443 |   9.07186208522206e-16 | 3.1385425290775716e-16 |
|     4.72 |     1.0 |    0.01 |           10.0 |        0.02 |      1993.338892593879 |             7000000000.0 |  1.613230555686316e-15 |  5.581205556990134e-16 |
|     4.72 |     1.0 |    0.01 |          10.25 |        0.02 |     3544.7135099294837 |       12447955870.272459 | 2.8687746808226248e-15 |   9.92494292519037e-16 |
|     4.72 |     1.0 |    0.01 |           10.5 |        0.02 |      6303.491049194401 |       22135943621.178654 |   5.10148294694786e-15 | 1.7649321649677528e-15 |
|     4.72 |     1.0 |    0.01 |          10.75 |        0.02 |      11209.36834414705 |        39363892763.32443 |   9.07186208522206e-15 | 3.1385425290775726e-15 |
|     4.72 |     1.0 |    0.01 |           11.0 |        0.02 |     19933.388925938794 |            70000000000.0 |  1.613230555686316e-14 |  5.581205556990134e-15 |
|     4.72 |     1.0 |    0.01 |          11.25 |        0.02 |      35447.13509929483 |       124479558702.72458 |  2.868774680822625e-14 |  9.924942925190374e-15 |
|     4.72 |     1.0 |     0.1 |            8.0 |        0.02 |      1.933892560993188 |               70000000.0 | 2.1509789911303217e-18 |  7.228327688903021e-19 |
|     4.72 |     1.0 |     0.1 |           8.25 |        0.02 |     3.4390013224416283 |       124479558.70272458 | 3.8250416513533445e-18 | 1.2853986298190465e-18 |
|     4.72 |     1.0 |     0.1 |            8.5 |        0.02 |      6.115505242794574 |       221359436.21178657 |  6.801992811142936e-18 | 2.2857979170994545e-18 |
|     4.72 |     1.0 |     0.1 |           8.75 |        0.02 |     10.875077055246676 |       393638927.63324434 | 1.2095843763288263e-17 |  4.064787371487821e-18 |
|     4.72 |     1.0 |     0.1 |            9.0 |        0.02 |     19.338925609931884 |              700000000.0 | 2.1509789911303227e-17 |   7.22832768890302e-18 |
|     4.72 |     1.0 |     0.1 |           9.25 |        0.02 |     34.390013224416286 |       1244795587.0272458 | 3.8250416513533454e-17 |  1.285398629819047e-17 |
|     4.72 |     1.0 |     0.1 |            9.5 |        0.02 |      61.15505242794573 |       2213594362.1178656 |  6.801992811142936e-17 | 2.2857979170994555e-17 |
|     4.72 |     1.0 |     0.1 |           9.75 |        0.02 |     108.75077055246675 |        3936389276.332443 |  1.209584376328825e-16 | 4.0647873714878155e-17 |
|     4.72 |     1.0 |     0.1 |           10.0 |        0.02 |     193.38925609931883 |             7000000000.0 | 2.1509789911303225e-16 |   7.22832768890302e-17 |
|     4.72 |     1.0 |     0.1 |          10.25 |        0.02 |      343.9001322441629 |       12447955870.272459 | 3.8250416513533475e-16 | 1.2853986298190476e-16 |
|     4.72 |     1.0 |     0.1 |           10.5 |        0.02 |      611.5505242794574 |       22135943621.178654 |  6.801992811142935e-16 | 2.2857979170994545e-16 |
|     4.72 |     1.0 |     0.1 |          10.75 |        0.02 |     1087.5077055246675 |        39363892763.32443 | 1.2095843763288248e-15 | 4.0647873714878146e-16 |
|     4.72 |     1.0 |     0.1 |           11.0 |        0.02 |     1933.8925609931885 |            70000000000.0 | 2.1509789911303228e-15 |  7.228327688903023e-16 |
|     4.72 |     1.0 |     0.1 |          11.25 |        0.02 |      3439.001322441628 |       124479558702.72458 |  3.825041651353348e-15 | 1.2853986298190473e-15 |
|     4.72 |     1.0 |     0.2 |            8.0 |        0.02 |     0.9344590005796312 |               70000000.0 | 1.0554322874878678e-18 | 3.5425862487133603e-19 |
|     4.72 |     1.0 |     0.2 |           8.25 |        0.02 |     1.6617292002563075 |       124479558.70272458 |  1.876853505529956e-18 |  6.299708184373995e-19 |
|     4.72 |     1.0 |     0.2 |            8.5 |        0.02 |     2.9550188218762385 |       221359436.21178657 |  3.337569944543295e-18 | 1.1202641353525967e-18 |
|     4.72 |     1.0 |     0.2 |           8.75 |        0.02 |       5.25484912721999 |       393638927.63324434 |  5.935131911946088e-18 |  1.992142645702578e-18 |
|     4.72 |     1.0 |     0.2 |            9.0 |        0.02 |      9.344590005796311 |              700000000.0 | 1.0554322874878674e-17 | 3.5425862487133595e-18 |
|     4.72 |     1.0 |     0.2 |           9.25 |        0.02 |      16.61729200256308 |       1244795587.0272458 | 1.8768535055299562e-17 |  6.299708184373994e-18 |
|     4.72 |     1.0 |     0.2 |            9.5 |        0.02 |     29.550188218762383 |       2213594362.1178656 | 3.3375699445432975e-17 | 1.1202641353525972e-17 |
|     4.72 |     1.0 |     0.2 |           9.75 |        0.02 |       52.5484912721999 |        3936389276.332443 |  5.935131911946095e-17 | 1.9921426457025803e-17 |
|     4.72 |     1.0 |     0.2 |           10.0 |        0.02 |      93.44590005796312 |             7000000000.0 | 1.0554322874878678e-16 |  3.542586248713361e-17 |
|     4.72 |     1.0 |     0.2 |          10.25 |        0.02 |      166.1729200256308 |       12447955870.272459 |  1.876853505529956e-16 |  6.299708184373997e-17 |
|     4.72 |     1.0 |     0.2 |           10.5 |        0.02 |      295.5018821876238 |       22135943621.178654 |  3.337569944543294e-16 |  1.120264135352596e-16 |
|     4.72 |     1.0 |     0.2 |          10.75 |        0.02 |      525.4849127219989 |        39363892763.32443 |   5.93513191194609e-16 | 1.9921426457025785e-16 |
|     4.72 |     1.0 |     0.2 |           11.0 |        0.02 |      934.4590005796313 |            70000000000.0 | 1.0554322874878678e-15 | 3.5425862487133606e-16 |
|     4.72 |     1.0 |     0.2 |          11.25 |        0.02 |     1661.7292002563079 |       124479558702.72458 | 1.8768535055299566e-15 |  6.299708184373998e-16 |
|     4.72 |     1.0 |     0.3 |            8.0 |        0.02 |     0.6016991071089899 |               70000000.0 |  6.830568266015678e-19 | 2.2918156963159008e-19 |
|     4.72 |     1.0 |     0.3 |           8.25 |        0.02 |     1.0699891332107208 |       124479558.70272458 | 1.2146658906320942e-18 | 4.0754886643625805e-19 |
|     4.72 |     1.0 |     0.3 |            8.5 |        0.02 |     1.9027396445540192 |       221359436.21178657 | 2.1600153433876446e-18 |  7.247357577683014e-19 |
|     4.72 |     1.0 |     0.3 |           8.75 |        0.02 |      3.383602732575191 |       393638927.63324434 |  3.841110810514401e-18 | 1.2887826757583265e-18 |
|     4.72 |     1.0 |     0.3 |            9.0 |        0.02 |     6.0169910710898975 |              700000000.0 |  6.830568266015681e-18 | 2.2918156963159015e-18 |
|     4.72 |     1.0 |     0.3 |           9.25 |        0.02 |     10.699891332107208 |       1244795587.0272458 |  1.214665890632094e-17 |   4.07548866436258e-18 |
|     4.72 |     1.0 |     0.3 |            9.5 |        0.02 |      19.02739644554019 |       2213594362.1178656 | 2.1600153433876434e-17 |  7.247357577683009e-18 |
|     4.72 |     1.0 |     0.3 |           9.75 |        0.02 |     33.836027325751914 |        3936389276.332443 | 3.8411108105144016e-17 | 1.2887826757583263e-17 |
|     4.72 |     1.0 |     0.3 |           10.0 |        0.02 |      60.16991071089896 |             7000000000.0 |  6.830568266015678e-17 | 2.2918156963159015e-17 |
|     4.72 |     1.0 |     0.3 |          10.25 |        0.02 |      106.9989133210721 |       12447955870.272459 |  1.214665890632095e-16 |  4.075488664362584e-17 |
|     4.72 |     1.0 |     0.3 |           10.5 |        0.02 |      190.2739644554019 |       22135943621.178654 | 2.1600153433876432e-16 |   7.24735757768301e-17 |
|     4.72 |     1.0 |     0.3 |          10.75 |        0.02 |     338.36027325751905 |        39363892763.32443 |  3.841110810514402e-16 | 1.2887826757583266e-16 |
|     4.72 |     1.0 |     0.3 |           11.0 |        0.02 |      601.6991071089898 |            70000000000.0 |   6.83056826601568e-16 |  2.291815696315902e-16 |
|     4.72 |     1.0 |     0.3 |          11.25 |        0.02 |     1069.9891332107209 |       124479558702.72458 | 1.2146658906320953e-15 | 4.0754886643625853e-16 |
|     4.72 |     1.0 |     0.4 |            8.0 |        0.02 |     0.4356126513616963 |               70000000.0 |  4.957664173668224e-19 | 1.6630946549336345e-19 |
|     4.72 |     1.0 |     0.4 |           8.25 |        0.02 |     0.7746410086689683 |       124479558.70272458 |  8.816112121921832e-19 |  2.957446981814269e-19 |
|     4.72 |     1.0 |     0.4 |            8.5 |        0.02 |      1.377528155887809 |       221359436.21178657 | 1.5677510663008162e-18 |  5.259167074042075e-19 |
|     4.72 |     1.0 |     0.4 |           8.75 |        0.02 |     2.4496299563641784 |       393638927.63324434 | 2.7878994412693097e-18 |  9.352268521723674e-19 |
|     4.72 |     1.0 |     0.4 |            9.0 |        0.02 |      4.356126513616962 |              700000000.0 |  4.957664173668224e-18 | 1.6630946549336348e-18 |
|     4.72 |     1.0 |     0.4 |           9.25 |        0.02 |      7.746410086689683 |       1244795587.0272458 |  8.816112121921839e-18 | 2.9574469818142716e-18 |
|     4.72 |     1.0 |     0.4 |            9.5 |        0.02 |     13.775281558878088 |       2213594362.1178656 | 1.5677510663008155e-17 |  5.259167074042072e-18 |
|     4.72 |     1.0 |     0.4 |           9.75 |        0.02 |      24.49629956364178 |        3936389276.332443 | 2.7878994412693055e-17 |  9.352268521723662e-18 |
|     4.72 |     1.0 |     0.4 |           10.0 |        0.02 |      43.56126513616963 |             7000000000.0 | 4.9576641736682223e-17 | 1.6630946549336337e-17 |
|     4.72 |     1.0 |     0.4 |          10.25 |        0.02 |      77.46410086689681 |       12447955870.272459 |  8.816112121921835e-17 | 2.9574469818142695e-17 |
|     4.72 |     1.0 |     0.4 |           10.5 |        0.02 |      137.7528155887809 |       22135943621.178654 | 1.5677510663008164e-16 | 5.2591670740420744e-17 |
|     4.72 |     1.0 |     0.4 |          10.75 |        0.02 |     244.96299563641782 |        39363892763.32443 | 2.7878994412693076e-16 |  9.352268521723666e-17 |
|     4.72 |     1.0 |     0.4 |           11.0 |        0.02 |      435.6126513616963 |            70000000000.0 |  4.957664173668229e-16 | 1.6630946549336363e-16 |
|     4.72 |     1.0 |     0.4 |          11.25 |        0.02 |      774.6410086689683 |       124479558702.72458 |  8.816112121921839e-16 |  2.957446981814272e-16 |
|     4.72 |     1.0 |     0.5 |            8.0 |        0.02 |     0.3361993867092269 |               70000000.0 | 3.8320416652633126e-19 | 1.2853472862550275e-19 |
|     4.72 |     1.0 |     0.5 |           8.25 |        0.02 |     0.5978564470527317 |       124479558.70272458 |  6.814440791749019e-19 |  2.285706613896722e-19 |
|     4.72 |     1.0 |     0.5 |            8.5 |        0.02 |     1.0631558099528982 |       221359436.21178657 |  1.211797975089662e-18 |  4.064625008882327e-19 |
|     4.72 |     1.0 |     0.5 |           8.75 |        0.02 |      1.890588086502493 |       393638927.63324434 |  2.154915388228804e-18 |  7.228038962824713e-19 |
|     4.72 |     1.0 |     0.5 |            9.0 |        0.02 |     3.3619938670922696 |              700000000.0 |  3.832041665263316e-18 |  1.285347286255028e-18 |
|     4.72 |     1.0 |     0.5 |           9.25 |        0.02 |      5.978564470527317 |       1244795587.0272458 |  6.814440791749019e-18 | 2.2857066138967216e-18 |
|     4.72 |     1.0 |     0.5 |            9.5 |        0.02 |     10.631558099528982 |       2213594362.1178656 | 1.2117979750896614e-17 |  4.064625008882326e-18 |
|     4.72 |     1.0 |     0.5 |           9.75 |        0.02 |      18.90588086502493 |        3936389276.332443 | 2.1549153882288046e-17 |  7.228038962824715e-18 |
|     4.72 |     1.0 |     0.5 |           10.0 |        0.02 |     33.619938670922686 |             7000000000.0 | 3.8320416652633095e-17 | 1.2853472862550267e-17 |
|     4.72 |     1.0 |     0.5 |          10.25 |        0.02 |      59.78564470527317 |       12447955870.272459 |  6.814440791749016e-17 |   2.28570661389672e-17 |
|     4.72 |     1.0 |     0.5 |           10.5 |        0.02 |      106.3155809952898 |       22135943621.178654 |  1.211797975089661e-16 | 4.0646250088823256e-17 |
|     4.72 |     1.0 |     0.5 |          10.75 |        0.02 |     189.05880865024926 |        39363892763.32443 | 2.1549153882288032e-16 |   7.22803896282471e-17 |
|     4.72 |     1.0 |     0.5 |           11.0 |        0.02 |     336.19938670922687 |            70000000000.0 | 3.8320416652633116e-16 | 1.2853472862550271e-16 |
|     4.72 |     1.0 |     0.5 |          11.25 |        0.02 |      597.8564470527317 |       124479558702.72458 |  6.814440791749016e-16 | 2.2857066138967203e-16 |
|     4.72 |     1.0 |     0.8 |            8.0 |        0.02 |    0.18799601787637693 |               70000000.0 | 2.1476799118951892e-19 |  7.202540149057685e-20 |
|     4.72 |     1.0 |     0.8 |           8.25 |        0.02 |    0.33430944775887034 |       124479558.70272458 | 3.8191749666774243e-19 |  1.280812884704795e-19 |
|     4.72 |     1.0 |     0.8 |            8.5 |        0.02 |     0.5944956075310821 |       221359436.21178657 |  6.791560206578551e-19 |  2.277643180983095e-19 |
|     4.72 |     1.0 |     0.8 |           8.75 |        0.02 |     1.0571792982311037 |       393638927.63324434 | 1.2077291677398332e-18 |  4.050285972157793e-19 |
|     4.72 |     1.0 |     0.8 |            9.0 |        0.02 |     1.8799601787637694 |              700000000.0 | 2.1476799118951888e-18 |  7.202540149057682e-19 |
|     4.72 |     1.0 |     0.8 |           9.25 |        0.02 |      3.343094477588703 |       1244795587.0272458 |  3.819174966677424e-18 | 1.2808128847047953e-18 |
|     4.72 |     1.0 |     0.8 |            9.5 |        0.02 |       5.94495607531082 |       2213594362.1178656 |  6.791560206578549e-18 |  2.277643180983094e-18 |
|     4.72 |     1.0 |     0.8 |           9.75 |        0.02 |     10.571792982311036 |        3936389276.332443 | 1.2077291677398333e-17 |  4.050285972157792e-18 |
|     4.72 |     1.0 |     0.8 |           10.0 |        0.02 |      18.79960178763769 |             7000000000.0 | 2.1476799118951894e-17 |  7.202540149057681e-18 |
|     4.72 |     1.0 |     0.8 |          10.25 |        0.02 |     33.430944775887035 |       12447955870.272459 |  3.819174966677421e-17 | 1.2808128847047943e-17 |
|     4.72 |     1.0 |     0.8 |           10.5 |        0.02 |      59.44956075310821 |       22135943621.178654 |  6.791560206578553e-17 | 2.2776431809830942e-17 |
|     4.72 |     1.0 |     0.8 |          10.75 |        0.02 |     105.71792982311035 |        39363892763.32443 | 1.2077291677398329e-16 |  4.050285972157792e-17 |
|     4.72 |     1.0 |     0.8 |           11.0 |        0.02 |     187.99601787637695 |            70000000000.0 | 2.1476799118951893e-16 |  7.202540149057683e-17 |
|     4.72 |     1.0 |     0.8 |          11.25 |        0.02 |     334.30944775887036 |       124479558702.72458 |  3.819174966677425e-16 | 1.2808128847047953e-16 |
|     4.72 |     1.0 |     1.0 |            8.0 |        0.02 |    0.13922111911773338 |               70000000.0 |  1.591693061365042e-19 | 5.3376589113749507e-20 |
|     4.72 |     1.0 |     1.0 |           8.25 |        0.02 |     0.2475740495696415 |       124479558.70272458 | 2.8304749981272746e-19 |   9.49184893990885e-20 |
|     4.72 |     1.0 |     1.0 |            8.5 |        0.02 |     0.4402558348096492 |       221359436.21178657 |  5.033375409799686e-19 | 1.6879159533039667e-19 |
|     4.72 |     1.0 |     1.0 |           8.75 |        0.02 |     0.7828978861914964 |       393638927.63324434 |  8.950747854243008e-19 | 3.0015861856366647e-19 |
|     4.72 |     1.0 |     1.0 |            9.0 |        0.02 |     1.3922111911773338 |              700000000.0 | 1.5916930613650416e-18 |  5.337658911374949e-19 |
|     4.72 |     1.0 |     1.0 |           9.25 |        0.02 |      2.475740495696415 |       1244795587.0272458 | 2.8304749981272715e-18 |  9.491848939908841e-19 |
|     4.72 |     1.0 |     1.0 |            9.5 |        0.02 |      4.402558348096492 |       2213594362.1178656 |  5.033375409799687e-18 | 1.6879159533039673e-18 |
|     4.72 |     1.0 |     1.0 |           9.75 |        0.02 |      7.828978861914964 |        3936389276.332443 |  8.950747854243011e-18 | 3.0015861856366647e-18 |
|     4.72 |     1.0 |     1.0 |           10.0 |        0.02 |     13.922111911773339 |             7000000000.0 |  1.591693061365041e-17 |  5.337658911374946e-18 |
|     4.72 |     1.0 |     1.0 |          10.25 |        0.02 |      24.75740495696415 |       12447955870.272459 |  2.830474998127272e-17 |  9.491848939908842e-18 |
|     4.72 |     1.0 |     1.0 |           10.5 |        0.02 |      44.02558348096491 |       22135943621.178654 |  5.033375409799689e-17 | 1.6879159533039673e-17 |
|     4.72 |     1.0 |     1.0 |          10.75 |        0.02 |      78.28978861914963 |        39363892763.32443 |  8.950747854243007e-17 |  3.001586185636663e-17 |
|     4.72 |     1.0 |     1.0 |           11.0 |        0.02 |     139.22111911773337 |            70000000000.0 | 1.5916930613650407e-16 |  5.337658911374948e-17 |
|     4.72 |     1.0 |     1.0 |          11.25 |        0.02 |     247.57404956964152 |       124479558702.72458 |  2.830474998127273e-16 |  9.491848939908846e-17 |
|     4.72 |     3.0 |    0.01 |            8.0 |        0.02 |     19.977783952545465 |               70000000.0 | 1.6142964025821498e-17 |  5.585220987403879e-18 |
|     4.72 |     3.0 |    0.01 |           8.25 |        0.02 |      35.52608186101761 |       124479558.70272458 |  2.870670054411743e-17 |  9.932083482417584e-18 |
|     4.72 |     3.0 |    0.01 |            8.5 |        0.02 |      63.17529989280488 |       221359436.21178657 | 5.1048534507757104e-17 |  1.766201955557086e-17 |
|     4.72 |     3.0 |    0.01 |           8.75 |        0.02 |     112.34333502240908 |       393638927.63324434 |    9.0778557827806e-17 | 3.1408005715376494e-17 |
|     4.72 |     3.0 |    0.01 |            9.0 |        0.02 |     199.77783952545468 |              700000000.0 | 1.6142964025821487e-16 |  5.585220987403874e-17 |
|     4.72 |     3.0 |    0.01 |           9.25 |        0.02 |     355.26081861017605 |       1244795587.0272458 |   2.87067005441174e-16 |  9.932083482417577e-17 |
|     4.72 |     3.0 |    0.01 |            9.5 |        0.02 |      631.7529989280487 |       2213594362.1178656 |  5.104853450775718e-16 | 1.7662019555570886e-16 |
|     4.72 |     3.0 |    0.01 |           9.75 |        0.02 |     1123.4333502240909 |        3936389276.332443 |  9.077855782780595e-16 |  3.140800571537648e-16 |
|     4.72 |     3.0 |    0.01 |           10.0 |        0.02 |     1997.7783952545465 |             7000000000.0 | 1.6142964025821507e-15 |  5.585220987403883e-16 |
|     4.72 |     3.0 |    0.01 |          10.25 |        0.02 |      3552.608186101761 |       12447955870.272459 | 2.8706700544117426e-15 |   9.93208348241759e-16 |
|     4.72 |     3.0 |    0.01 |           10.5 |        0.02 |      6317.529989280486 |       22135943621.178654 |   5.10485345077571e-15 | 1.7662019555570853e-15 |
|     4.72 |     3.0 |    0.01 |          10.75 |        0.02 |     11234.333502240906 |        39363892763.32443 |  9.077855782780593e-15 | 3.1408005715376473e-15 |
|     4.72 |     3.0 |    0.01 |           11.0 |        0.02 |     19977.783952545466 |            70000000000.0 | 1.6142964025821498e-14 |  5.585220987403879e-15 |
|     4.72 |     3.0 |    0.01 |          11.25 |        0.02 |      35526.08186101761 |       124479558702.72458 |  2.870670054411741e-14 |  9.932083482417577e-15 |
|     4.72 |     3.0 |     0.1 |            8.0 |        0.02 |     1.9778396429633662 |               70000000.0 | 2.1955192782292113e-18 |  7.379066778237879e-19 |
|     4.72 |     3.0 |     0.1 |           8.25 |        0.02 |     3.5171515134404885 |       124479558.70272458 |  3.904246726818525e-18 |  1.312204251704267e-18 |
|     4.72 |     3.0 |     0.1 |            8.5 |        0.02 |      6.254478118338457 |       221359436.21178657 |  6.942841566013244e-18 |  2.333465802571231e-18 |
|     4.72 |     3.0 |     0.1 |           8.75 |        0.02 |     11.122209658380264 |       393638927.63324434 | 1.2346312204003746e-17 |  4.149554190742371e-18 |
|     4.72 |     3.0 |     0.1 |            9.0 |        0.02 |     19.778396429633663 |              700000000.0 | 2.1955192782292128e-17 |  7.379066778237882e-18 |
|     4.72 |     3.0 |     0.1 |           9.25 |        0.02 |      35.17151513440489 |       1244795587.0272458 | 3.9042467268185243e-17 | 1.3122042517042673e-17 |
|     4.72 |     3.0 |     0.1 |            9.5 |        0.02 |     62.544781183384565 |       2213594362.1178656 |  6.942841566013243e-17 | 2.3334658025712306e-17 |
|     4.72 |     3.0 |     0.1 |           9.75 |        0.02 |     111.22209658380264 |        3936389276.332443 | 1.2346312204003739e-16 |  4.149554190742369e-17 |
|     4.72 |     3.0 |     0.1 |           10.0 |        0.02 |     197.78396429633665 |             7000000000.0 | 2.1955192782292128e-16 |  7.379066778237883e-17 |
|     4.72 |     3.0 |     0.1 |          10.25 |        0.02 |      351.7151513440489 |       12447955870.272459 |  3.904246726818526e-16 | 1.3122042517042676e-16 |
|     4.72 |     3.0 |     0.1 |           10.5 |        0.02 |      625.4478118338457 |       22135943621.178654 |  6.942841566013247e-16 |  2.333465802571232e-16 |
|     4.72 |     3.0 |     0.1 |          10.75 |        0.02 |     1112.2209658380264 |        39363892763.32443 | 1.2346312204003734e-15 |  4.149554190742368e-16 |
|     4.72 |     3.0 |     0.1 |           11.0 |        0.02 |     1977.8396429633663 |            70000000000.0 |  2.195519278229212e-15 |   7.37906677823788e-16 |
|     4.72 |     3.0 |     0.1 |          11.25 |        0.02 |     3517.1515134404885 |       124479558702.72458 |  3.904246726818528e-15 |  1.312204251704268e-15 |
|     4.72 |     3.0 |     0.2 |            8.0 |        0.02 |     0.9779017801680627 |               70000000.0 | 1.1023009757931356e-18 |  3.700446489711589e-19 |
|     4.72 |     3.0 |     0.2 |           8.25 |        0.02 |     1.7389826007132747 |       124479558.70272458 | 1.9601991289187455e-18 |  6.580427800604928e-19 |
|     4.72 |     3.0 |     0.2 |            8.5 |        0.02 |      3.092396953264354 |       221359436.21178657 |  3.485781750532437e-18 | 1.1701839267063457e-18 |
|     4.72 |     3.0 |     0.2 |           8.75 |        0.02 |      5.499145829657099 |       393638927.63324434 |  6.198693914861264e-18 | 2.0809139828203898e-18 |
|     4.72 |     3.0 |     0.2 |            9.0 |        0.02 |      9.779017801680627 |              700000000.0 | 1.1023009757931351e-17 | 3.7004464897115894e-18 |
|     4.72 |     3.0 |     0.2 |           9.25 |        0.02 |     17.389826007132747 |       1244795587.0272458 | 1.9601991289187463e-17 |   6.58042780060493e-18 |
|     4.72 |     3.0 |     0.2 |            9.5 |        0.02 |     30.923969532643543 |       2213594362.1178656 |  3.485781750532434e-17 | 1.1701839267063448e-17 |
|     4.72 |     3.0 |     0.2 |           9.75 |        0.02 |      54.99145829657098 |        3936389276.332443 |  6.198693914861263e-17 | 2.0809139828203894e-17 |
|     4.72 |     3.0 |     0.2 |           10.0 |        0.02 |      97.79017801680628 |             7000000000.0 | 1.1023009757931352e-16 |   3.70044648971159e-17 |
|     4.72 |     3.0 |     0.2 |          10.25 |        0.02 |      173.8982600713275 |       12447955870.272459 | 1.9601991289187456e-16 |  6.580427800604928e-17 |
|     4.72 |     3.0 |     0.2 |           10.5 |        0.02 |      309.2396953264354 |       22135943621.178654 |  3.485781750532437e-16 | 1.1701839267063455e-16 |
|     4.72 |     3.0 |     0.2 |          10.75 |        0.02 |      549.9145829657099 |        39363892763.32443 |  6.198693914861262e-16 | 2.0809139828203892e-16 |
|     4.72 |     3.0 |     0.2 |           11.0 |        0.02 |      977.9017801680627 |            70000000000.0 | 1.1023009757931356e-15 |   3.70044648971159e-16 |
|     4.72 |     3.0 |     0.2 |          11.25 |        0.02 |      1738.982600713275 |       124479558702.72458 | 1.9601991289187438e-15 |   6.58042780060492e-16 |
|     4.72 |     3.0 |     0.3 |            8.0 |        0.02 |     0.6446308536643959 |               70000000.0 |  7.303325499340608e-19 |   2.45079977429294e-19 |
|     4.72 |     3.0 |     0.3 |           8.25 |        0.02 |     1.1463337741472093 |       124479558.70272458 | 1.2987353360289639e-18 |  4.358206776753175e-19 |
|     4.72 |     3.0 |     0.3 |            8.5 |        0.02 |     2.0385017475981915 |       221359436.21178657 |  2.309514307150288e-18 |  7.750109375792271e-19 |
|     4.72 |     3.0 |     0.3 |           8.75 |        0.02 |     3.6250256850822247 |       393638927.63324434 |  4.106961739595667e-18 |  1.378185992852101e-18 |
|     4.72 |     3.0 |     0.3 |            9.0 |        0.02 |       6.44630853664396 |              700000000.0 |  7.303325499340607e-18 |   2.45079977429294e-18 |
|     4.72 |     3.0 |     0.3 |           9.25 |        0.02 |     11.463337741472094 |       1244795587.0272458 |  1.298735336028964e-17 |  4.358206776753174e-18 |
|     4.72 |     3.0 |     0.3 |            9.5 |        0.02 |      20.38501747598191 |       2213594362.1178656 | 2.3095143071502887e-17 |   7.75010937579227e-18 |
|     4.72 |     3.0 |     0.3 |           9.75 |        0.02 |     36.250256850822254 |        3936389276.332443 |  4.106961739595666e-17 | 1.3781859928521004e-17 |
|     4.72 |     3.0 |     0.3 |           10.0 |        0.02 |       64.4630853664396 |             7000000000.0 |  7.303325499340613e-17 |  2.450799774292941e-17 |
|     4.72 |     3.0 |     0.3 |          10.25 |        0.02 |     114.63337741472095 |       12447955870.272459 | 1.2987353360289648e-16 |  4.358206776753177e-17 |
|     4.72 |     3.0 |     0.3 |           10.5 |        0.02 |      203.8501747598191 |       22135943621.178654 | 2.3095143071502887e-16 |  7.750109375792273e-17 |
|     4.72 |     3.0 |     0.3 |          10.75 |        0.02 |      362.5025685082224 |        39363892763.32443 |  4.106961739595666e-16 |    1.3781859928521e-16 |
|     4.72 |     3.0 |     0.3 |           11.0 |        0.02 |       644.630853664396 |            70000000000.0 |  7.303325499340605e-16 | 2.4507997742929394e-16 |
|     4.72 |     3.0 |     0.3 |          11.25 |        0.02 |     1146.3337741472092 |       124479558702.72458 | 1.2987353360289629e-15 | 4.3582067767531706e-16 |
|     4.72 |     3.0 |     0.4 |            8.0 |        0.02 |      0.478026860984229 |               70000000.0 |  5.429499203347736e-19 | 1.8216468053285007e-19 |
|     4.72 |     3.0 |     0.4 |           8.25 |        0.02 |     0.8500653243337928 |       124479558.70272458 |  9.655166640136012e-19 | 3.2393970062788547e-19 |
|     4.72 |     3.0 |     0.4 |            8.5 |        0.02 |     1.5116536634508428 |       221359436.21178657 | 1.7169584036648571e-18 | 5.7605529972074195e-19 |
|     4.72 |     3.0 |     0.4 |           8.75 |        0.02 |     2.6881425848245417 |       393638927.63324434 |  3.053231777130511e-18 |  1.024387278537195e-18 |
|     4.72 |     3.0 |     0.4 |            9.0 |        0.02 |       4.78026860984229 |              700000000.0 |  5.429499203347738e-18 |  1.821646805328501e-18 |
|     4.72 |     3.0 |     0.4 |           9.25 |        0.02 |       8.50065324333793 |       1244795587.0272458 |  9.655166640136013e-18 | 3.2393970062788534e-18 |
|     4.72 |     3.0 |     0.4 |            9.5 |        0.02 |     15.116536634508428 |       2213594362.1178656 | 1.7169584036648576e-17 |   5.76055299720742e-18 |
|     4.72 |     3.0 |     0.4 |           9.75 |        0.02 |     26.881425848245414 |        3936389276.332443 |  3.053231777130511e-17 |  1.024387278537195e-17 |
|     4.72 |     3.0 |     0.4 |           10.0 |        0.02 |       47.8026860984229 |             7000000000.0 | 5.4294992033477396e-17 |  1.821646805328501e-17 |
|     4.72 |     3.0 |     0.4 |          10.25 |        0.02 |       85.0065324333793 |       12447955870.272459 |  9.655166640136014e-17 | 3.2393970062788547e-17 |
|     4.72 |     3.0 |     0.4 |           10.5 |        0.02 |      151.1653663450843 |       22135943621.178654 | 1.7169584036648567e-16 |  5.760552997207417e-17 |
|     4.72 |     3.0 |     0.4 |          10.75 |        0.02 |      268.8142584824541 |        39363892763.32443 |   3.05323177713051e-16 | 1.0243872785371943e-16 |
|     4.72 |     3.0 |     0.4 |           11.0 |        0.02 |       478.026860984229 |            70000000000.0 |  5.429499203347738e-16 | 1.8216468053285016e-16 |
|     4.72 |     3.0 |     0.4 |          11.25 |        0.02 |       850.065324333793 |       124479558702.72458 |  9.655166640136014e-16 |  3.239397006278854e-16 |
|     4.72 |     3.0 |     0.5 |            8.0 |        0.02 |     0.3780897995870824 |               70000000.0 |  4.300893816945261e-19 | 1.4428249819798463e-19 |
|     4.72 |     3.0 |     0.5 |           8.25 |        0.02 |     0.6723493057514515 |       124479558.70272458 |  7.648190919437468e-19 | 2.5657459577445405e-19 |
|     4.72 |     3.0 |     0.5 |            8.5 |        0.02 |     1.1956249267717705 |       221359436.21178657 | 1.3600620436082315e-18 |  4.562613208047715e-19 |
|     4.72 |     3.0 |     0.5 |           8.75 |        0.02 |     2.1261551894075343 |       393638927.63324434 | 2.4185703285239743e-18 |  8.113601123842876e-19 |
|     4.72 |     3.0 |     0.5 |            9.0 |        0.02 |      3.780897995870824 |              700000000.0 |  4.300893816945262e-18 | 1.4428249819798472e-18 |
|     4.72 |     3.0 |     0.5 |           9.25 |        0.02 |     6.7234930575145135 |       1244795587.0272458 |  7.648190919437468e-18 | 2.5657459577445405e-18 |
|     4.72 |     3.0 |     0.5 |            9.5 |        0.02 |     11.956249267717705 |       2213594362.1178656 | 1.3600620436082305e-17 |   4.56261320804771e-18 |
|     4.72 |     3.0 |     0.5 |           9.75 |        0.02 |     21.261551894075343 |        3936389276.332443 | 2.4185703285239773e-17 |  8.113601123842884e-18 |
|     4.72 |     3.0 |     0.5 |           10.0 |        0.02 |     37.808979958708235 |             7000000000.0 |  4.300893816945259e-17 | 1.4428249819798456e-17 |
|     4.72 |     3.0 |     0.5 |          10.25 |        0.02 |      67.23493057514514 |       12447955870.272459 |  7.648190919437463e-17 | 2.5657459577445385e-17 |
|     4.72 |     3.0 |     0.5 |           10.5 |        0.02 |     119.56249267717705 |       22135943621.178654 |   1.36006204360823e-16 |  4.562613208047708e-17 |
|     4.72 |     3.0 |     0.5 |          10.75 |        0.02 |     212.61551894075342 |        39363892763.32443 |  2.418570328523976e-16 |   8.11360112384288e-17 |
|     4.72 |     3.0 |     0.5 |           11.0 |        0.02 |      378.0897995870824 |            70000000000.0 | 4.3008938169452614e-16 | 1.4428249819798464e-16 |
|     4.72 |     3.0 |     0.5 |          11.25 |        0.02 |      672.3493057514514 |       124479558702.72458 |   7.64819091943747e-16 | 2.5657459577445404e-16 |
|     4.72 |     3.0 |     0.8 |            8.0 |        0.02 |     0.2282801766007249 |               70000000.0 |  2.602664790095339e-19 |  8.729698300397776e-20 |
|     4.72 |     3.0 |     0.8 |           8.25 |        0.02 |    0.40594593776911814 |       124479558.70272458 |  4.628265207459812e-19 |  1.552384274344913e-19 |
|     4.72 |     3.0 |     0.8 |            8.5 |        0.02 |     0.7218853027237648 |       221359436.21178657 |  8.230348722625304e-19 |  2.760572991535773e-19 |
|     4.72 |     3.0 |     0.8 |           8.75 |        0.02 |     1.2837137702433858 |       393638927.63324434 | 1.4635859670884726e-18 |  4.909070110757619e-19 |
|     4.72 |     3.0 |     0.8 |            9.0 |        0.02 |      2.282801766007249 |              700000000.0 |  2.602664790095338e-18 |  8.729698300397773e-19 |
|     4.72 |     3.0 |     0.8 |           9.25 |        0.02 |      4.059459377691182 |       1244795587.0272458 |  4.628265207459815e-18 | 1.5523842743449146e-18 |
|     4.72 |     3.0 |     0.8 |            9.5 |        0.02 |      7.218853027237647 |       2213594362.1178656 |  8.230348722625305e-18 |  2.760572991535773e-18 |
|     4.72 |     3.0 |     0.8 |           9.75 |        0.02 |     12.837137702433857 |        3936389276.332443 |  1.463585967088474e-17 |  4.909070110757621e-18 |
|     4.72 |     3.0 |     0.8 |           10.0 |        0.02 |      22.82801766007249 |             7000000000.0 | 2.6026647900953356e-17 |  8.729698300397766e-18 |
|     4.72 |     3.0 |     0.8 |          10.25 |        0.02 |      40.59459377691182 |       12447955870.272459 | 4.6282652074598135e-17 | 1.5523842743449137e-17 |
|     4.72 |     3.0 |     0.8 |           10.5 |        0.02 |      72.18853027237647 |       22135943621.178654 |  8.230348722625304e-17 |  2.760572991535773e-17 |
|     4.72 |     3.0 |     0.8 |          10.75 |        0.02 |     128.37137702433856 |        39363892763.32443 | 1.4635859670884731e-16 |  4.909070110757621e-17 |
|     4.72 |     3.0 |     0.8 |           11.0 |        0.02 |     228.28017660072487 |            70000000000.0 |  2.602664790095338e-16 |  8.729698300397775e-17 |
|     4.72 |     3.0 |     0.8 |          11.25 |        0.02 |     405.94593776911825 |       124479558702.72458 |  4.628265207459813e-16 | 1.5523842743449138e-16 |
|     4.72 |     3.0 |     1.0 |            8.0 |        0.02 |     0.1784083678551618 |               70000000.0 |  2.035619154667846e-19 |  6.827362358846611e-20 |
|     4.72 |     3.0 |     1.0 |           8.25 |        0.02 |    0.31725992713548423 |       124479558.70272458 | 3.6198996294266704e-19 | 1.2140957907611704e-19 |
|     4.72 |     3.0 |     1.0 |            8.5 |        0.02 |     0.5641767960554804 |       221359436.21178657 |  6.437192977416971e-19 | 2.1590015465255126e-19 |
|     4.72 |     3.0 |     1.0 |           8.75 |        0.02 |     1.0032639800471896 |       393638927.63324434 | 1.1447127730187749e-18 |  3.839307996428512e-19 |
|     4.72 |     3.0 |     1.0 |            9.0 |        0.02 |     1.7840836785516176 |              700000000.0 |  2.035619154667846e-18 |  6.827362358846612e-19 |
|     4.72 |     3.0 |     1.0 |           9.25 |        0.02 |     3.1725992713548425 |       1244795587.0272458 |  3.619899629426666e-18 |  1.214095790761169e-18 |
|     4.72 |     3.0 |     1.0 |            9.5 |        0.02 |      5.641767960554805 |       2213594362.1178656 | 6.4371929774169694e-18 | 2.1590015465255123e-18 |
|     4.72 |     3.0 |     1.0 |           9.75 |        0.02 |     10.032639800471895 |        3936389276.332443 |  1.144712773018775e-17 |   3.83930799642851e-18 |
|     4.72 |     3.0 |     1.0 |           10.0 |        0.02 |     17.840836785516178 |             7000000000.0 | 2.0356191546678477e-17 |  6.827362358846617e-18 |
|     4.72 |     3.0 |     1.0 |          10.25 |        0.02 |      31.72599271354842 |       12447955870.272459 |   3.61989962942667e-17 | 1.2140957907611702e-17 |
|     4.72 |     3.0 |     1.0 |           10.5 |        0.02 |      56.41767960554805 |       22135943621.178654 |  6.437192977416968e-17 |  2.159001546525511e-17 |
|     4.72 |     3.0 |     1.0 |          10.75 |        0.02 |     100.32639800471894 |        39363892763.32443 | 1.1447127730187737e-16 | 3.8393079964285044e-17 |
|     4.72 |     3.0 |     1.0 |           11.0 |        0.02 |     178.40836785516177 |            70000000000.0 | 2.0356191546678458e-16 |  6.827362358846611e-17 |
|     4.72 |     3.0 |     1.0 |          11.25 |        0.02 |      317.2599271354842 |       124479558702.72458 | 3.6198996294266693e-16 |   1.21409579076117e-16 |
