| redshift | tau_gyr | age_gyr | log_massformed | metallicity |   sfr_inst_msun_per_yr | stellar_mass_living_msun |  halpha_flux_erg_s_cm2 |    oiii_flux_erg_s_cm2 |
|     5.12 |     0.1 |    0.01 |            8.0 |        0.02 |     19.338925609931877 |               70000000.0 | 1.3206209466103433e-17 |  4.565206695584027e-18 |
|     5.12 |     0.1 |    0.01 |           8.25 |        0.02 |      34.39001322441627 |       124479558.70272458 |  2.348433037823285e-17 |  8.118213069328902e-18 |
|     5.12 |     0.1 |    0.01 |            8.5 |        0.02 |      61.15505242794573 |       221359436.21178657 |  4.176170117016309e-17 | 1.4436451147496478e-17 |
|     5.12 |     0.1 |    0.01 |           8.75 |        0.02 |     108.75077055246673 |       393638927.63324434 |  7.426397331909938e-17 | 2.5672043829625766e-17 |
|     5.12 |     0.1 |    0.01 |            9.0 |        0.02 |      193.3892560993188 |              700000000.0 | 1.3206209466103437e-16 | 4.5652066955840294e-17 |
|     5.12 |     0.1 |    0.01 |           9.25 |        0.02 |     343.90013224416276 |       1244795587.0272458 |  2.348433037823286e-16 |  8.118213069328904e-17 |
|     5.12 |     0.1 |    0.01 |            9.5 |        0.02 |      611.5505242794572 |       2213594362.1178656 | 4.1761701170163067e-16 | 1.4436451147496478e-16 |
|     5.12 |     0.1 |    0.01 |           9.75 |        0.02 |     1087.5077055246672 |        3936389276.332443 |  7.426397331909937e-16 |  2.567204382962576e-16 |
|     5.12 |     0.1 |    0.01 |           10.0 |        0.02 |     1933.8925609931878 |             7000000000.0 | 1.3206209466103438e-15 |  4.565206695584029e-16 |
|     5.12 |     0.1 |    0.01 |          10.25 |        0.02 |     3439.0013224416275 |       12447955870.272459 |  2.348433037823284e-15 |  8.118213069328898e-16 |
|     5.12 |     0.1 |    0.01 |           10.5 |        0.02 |      6115.505242794573 |       22135943621.178654 |  4.176170117016304e-15 |  1.443645114749646e-15 |
|     5.12 |     0.1 |    0.01 |          10.75 |        0.02 |     10875.077055246671 |        39363892763.32443 |   7.42639733190994e-15 | 2.5672043829625758e-15 |
|     5.12 |     0.1 |    0.01 |           11.0 |        0.02 |     19338.925609931877 |            70000000000.0 | 1.3206209466103432e-14 |  4.565206695584026e-15 |
|     5.12 |     0.1 |    0.01 |          11.25 |        0.02 |      34390.01322441628 |       124479558702.72458 | 2.3484330378232852e-14 |  8.118213069328903e-15 |
|     5.12 |     0.1 |     0.1 |            8.0 |        0.02 |     1.3922111911773336 |               70000000.0 | 1.3139495236576324e-18 |  4.406766554661987e-19 |
|     5.12 |     0.1 |     0.1 |           8.25 |        0.02 |      2.475740495696415 |       124479558.70272458 | 2.3365693837508202e-18 |  7.836462229003577e-19 |
|     5.12 |     0.1 |     0.1 |            8.5 |        0.02 |      4.402558348096492 |       221359436.21178657 |  4.155073225251417e-18 | 1.3935419429384775e-18 |
|     5.12 |     0.1 |     0.1 |           8.75 |        0.02 |      7.828978861914962 |       393638927.63324434 |  7.388881163668612e-18 | 2.4781069441531307e-18 |
|     5.12 |     0.1 |     0.1 |            9.0 |        0.02 |     13.922111911773339 |              700000000.0 | 1.3139495236576334e-17 |  4.406766554661988e-18 |
|     5.12 |     0.1 |     0.1 |           9.25 |        0.02 |     24.757404956964145 |       1244795587.0272458 | 2.3365693837508186e-17 |  7.836462229003572e-18 |
|     5.12 |     0.1 |     0.1 |            9.5 |        0.02 |     44.025583480964904 |       2213594362.1178656 | 4.1550732252514196e-17 | 1.3935419429384786e-17 |
|     5.12 |     0.1 |     0.1 |           9.75 |        0.02 |      78.28978861914963 |        3936389276.332443 |  7.388881163668614e-17 | 2.4781069441531312e-17 |
|     5.12 |     0.1 |     0.1 |           10.0 |        0.02 |     139.22111911773337 |             7000000000.0 | 1.3139495236576333e-16 |  4.406766554661987e-17 |
|     5.12 |     0.1 |     0.1 |          10.25 |        0.02 |     247.57404956964152 |       12447955870.272459 |  2.336569383750819e-16 |  7.836462229003574e-17 |
|     5.12 |     0.1 |     0.1 |           10.5 |        0.02 |     440.25583480964906 |       22135943621.178654 |  4.155073225251418e-16 | 1.3935419429384783e-16 |
|     5.12 |     0.1 |     0.1 |          10.75 |        0.02 |      782.8978861914962 |        39363892763.32443 |  7.388881163668609e-16 |  2.478106944153129e-16 |
|     5.12 |     0.1 |     0.1 |           11.0 |        0.02 |     1392.2111911773338 |            70000000000.0 | 1.3139495236576335e-15 | 4.4067665546619885e-16 |
|     5.12 |     0.1 |     0.1 |          11.25 |        0.02 |     2475.7404956964147 |       124479558702.72458 | 2.3365693837508204e-15 |  7.836462229003576e-16 |
|     5.12 |     0.1 |     0.2 |            8.0 |        0.02 |     0.4556788418556052 |               70000000.0 |  4.368160818419707e-19 | 1.4632202000483582e-19 |
|     5.12 |     0.1 |     0.2 |           8.25 |        0.02 |     0.8103243020622052 |       124479558.70272458 |  7.767810443134535e-19 | 2.6020143540990286e-19 |
|     5.12 |     0.1 |     0.2 |            8.5 |        0.02 |     1.4409830218113802 |       221359436.21178657 | 1.3813337372111467e-18 |  4.627108550520033e-19 |
|     5.12 |     0.1 |     0.2 |           8.75 |        0.02 |     2.5624704379028453 |       393638927.63324434 | 2.4563973432746966e-18 |  8.228291863404812e-19 |
|     5.12 |     0.1 |     0.2 |            9.0 |        0.02 |      4.556788418556052 |              700000000.0 |  4.368160818419706e-18 |  1.463220200048358e-18 |
|     5.12 |     0.1 |     0.2 |           9.25 |        0.02 |      8.103243020622052 |       1244795587.0272458 |  7.767810443134527e-18 | 2.6020143540990277e-18 |
|     5.12 |     0.1 |     0.2 |            9.5 |        0.02 |     14.409830218113802 |       2213594362.1178656 | 1.3813337372111468e-17 |  4.627108550520031e-18 |
|     5.12 |     0.1 |     0.2 |           9.75 |        0.02 |     25.624704379028454 |        3936389276.332443 | 2.4563973432746988e-17 |  8.228291863404815e-18 |
|     5.12 |     0.1 |     0.2 |           10.0 |        0.02 |     45.567884185560516 |             7000000000.0 | 4.3681608184197036e-17 | 1.4632202000483572e-17 |
|     5.12 |     0.1 |     0.2 |          10.25 |        0.02 |      81.03243020622054 |       12447955870.272459 |  7.767810443134526e-17 | 2.6020143540990268e-17 |
|     5.12 |     0.1 |     0.2 |           10.5 |        0.02 |       144.098302181138 |       22135943621.178654 | 1.3813337372111452e-16 | 4.6271085505200273e-17 |
|     5.12 |     0.1 |     0.2 |          10.75 |        0.02 |     256.24704379028447 |        39363892763.32443 |  2.456397343274699e-16 |  8.228291863404815e-17 |
|     5.12 |     0.1 |     0.2 |           11.0 |        0.02 |      455.6788418556052 |            70000000000.0 |  4.368160818419704e-16 | 1.4632202000483573e-16 |
|     5.12 |     0.1 |     0.2 |          11.25 |        0.02 |      810.3243020622052 |       124479558702.72458 |  7.767810443134532e-16 |  2.602014354099028e-16 |
|     5.12 |     0.1 |     0.3 |            8.0 |        0.02 |    0.18650294449763954 |               70000000.0 | 1.7970950359785193e-19 |  6.017399429714137e-20 |
|     5.12 |     0.1 |     0.3 |           8.25 |        0.02 |     0.3316543461117844 |       124479558.70272458 |  3.195737100363757e-19 | 1.0700617507840603e-19 |
|     5.12 |     0.1 |     0.3 |            8.5 |        0.02 |     0.5897740949405087 |       221359436.21178657 |  5.682913485474362e-19 | 1.9028687788894963e-19 |
|     5.12 |     0.1 |     0.3 |           8.75 |        0.02 |     1.0487831296070476 |       393638927.63324434 | 1.0105808040251585e-18 |  3.383832369505099e-19 |
|     5.12 |     0.1 |     0.3 |            9.0 |        0.02 |     1.8650294449763956 |              700000000.0 | 1.7970950359785195e-18 |   6.01739942971414e-19 |
|     5.12 |     0.1 |     0.3 |           9.25 |        0.02 |     3.3165434611178437 |       1244795587.0272458 |  3.195737100363755e-18 |   1.07006175078406e-18 |
|     5.12 |     0.1 |     0.3 |            9.5 |        0.02 |      5.897740949405087 |       2213594362.1178656 | 5.6829134854743625e-18 |  1.902868778889496e-18 |
|     5.12 |     0.1 |     0.3 |           9.75 |        0.02 |     10.487831296070476 |        3936389276.332443 | 1.0105808040251594e-17 | 3.3838323695051018e-18 |
|     5.12 |     0.1 |     0.3 |           10.0 |        0.02 |     18.650294449763955 |             7000000000.0 | 1.7970950359785192e-17 | 6.0173994297141376e-18 |
|     5.12 |     0.1 |     0.3 |          10.25 |        0.02 |      33.16543461117844 |       12447955870.272459 | 3.1957371003637585e-17 | 1.0700617507840609e-17 |
|     5.12 |     0.1 |     0.3 |           10.5 |        0.02 |      58.97740949405087 |       22135943621.178654 |  5.682913485474363e-17 | 1.9028687788894968e-17 |
|     5.12 |     0.1 |     0.3 |          10.75 |        0.02 |     104.87831296070473 |        39363892763.32443 | 1.0105808040251584e-16 | 3.3838323695050986e-17 |
|     5.12 |     0.1 |     0.3 |           11.0 |        0.02 |     186.50294449763956 |            70000000000.0 | 1.7970950359785184e-16 |  6.017399429714135e-17 |
|     5.12 |     0.1 |     0.3 |          11.25 |        0.02 |     331.65434611178443 |       124479558702.72458 |  3.195737100363758e-16 | 1.0700617507840605e-16 |
|     5.12 |     0.1 |     0.4 |            8.0 |        0.02 |    0.08064816928306753 |               70000000.0 |  7.791031168512224e-20 | 2.6082351377845526e-20 |
|     5.12 |     0.1 |     0.4 |           8.25 |        0.02 |    0.14341497889341254 |       124479558.70272458 | 1.3854630309936768e-19 |  4.638170842062299e-20 |
|     5.12 |     0.1 |     0.4 |            8.5 |        0.02 |    0.25503190405732223 |       221359436.21178657 | 2.4637403813861746e-19 |  8.247963708682285e-20 |
|     5.12 |     0.1 |     0.4 |           8.75 |        0.02 |    0.45351798388815806 |       393638927.63324434 |  4.381218791900479e-19 | 1.4667184037897985e-19 |
|     5.12 |     0.1 |     0.4 |            9.0 |        0.02 |     0.8064816928306755 |              700000000.0 |  7.791031168512218e-19 |  2.608235137784552e-19 |
|     5.12 |     0.1 |     0.4 |           9.25 |        0.02 |     1.4341497889341253 |       1244795587.0272458 | 1.3854630309936767e-18 |  4.638170842062301e-19 |
|     5.12 |     0.1 |     0.4 |            9.5 |        0.02 |      2.550319040573222 |       2213594362.1178656 |  2.463740381386175e-18 |  8.247963708682285e-19 |
|     5.12 |     0.1 |     0.4 |           9.75 |        0.02 |      4.535179838881581 |        3936389276.332443 |  4.381218791900479e-18 | 1.4667184037897986e-18 |
|     5.12 |     0.1 |     0.4 |           10.0 |        0.02 |      8.064816928306755 |             7000000000.0 |  7.791031168512217e-18 |  2.608235137784551e-18 |
|     5.12 |     0.1 |     0.4 |          10.25 |        0.02 |     14.341497889341253 |       12447955870.272459 | 1.3854630309936767e-17 |  4.638170842062301e-18 |
|     5.12 |     0.1 |     0.4 |           10.5 |        0.02 |     25.503190405732223 |       22135943621.178654 |  2.463740381386174e-17 |  8.247963708682282e-18 |
|     5.12 |     0.1 |     0.4 |          10.75 |        0.02 |       45.3517983888158 |        39363892763.32443 |  4.381218791900475e-17 |  1.466718403789797e-17 |
|     5.12 |     0.1 |     0.4 |           11.0 |        0.02 |      80.64816928306755 |            70000000000.0 |  7.791031168512221e-17 | 2.6082351377845524e-17 |
|     5.12 |     0.1 |     0.4 |          11.25 |        0.02 |     143.41497889341252 |       124479558702.72458 | 1.3854630309936762e-16 |  4.638170842062299e-17 |
|     5.12 |     0.1 |     0.5 |            8.0 |        0.02 |    0.03510911513730711 |               70000000.0 |  3.396808719574182e-20 | 1.1370288819549123e-20 |
|     5.12 |     0.1 |     0.5 |           8.25 |        0.02 |    0.06243381655335912 |       124479558.70272458 |  6.040475005859442e-20 | 2.0219550493999957e-20 |
|     5.12 |     0.1 |     0.5 |            8.5 |        0.02 |     0.1110247704669858 |       221359436.21178657 | 1.0741652329774588e-19 |  3.595601032372248e-20 |
|     5.12 |     0.1 |     0.5 |           8.75 |        0.02 |    0.19743306332573832 |       393638927.63324434 | 1.9101659167834781e-19 |  6.393983282582265e-20 |
|     5.12 |     0.1 |     0.5 |            9.0 |        0.02 |     0.3510911513730712 |              700000000.0 |  3.396808719574181e-19 | 1.1370288819549116e-19 |
|     5.12 |     0.1 |     0.5 |           9.25 |        0.02 |     0.6243381655335911 |       1244795587.0272458 |  6.040475005859443e-19 | 2.0219550493999967e-19 |
|     5.12 |     0.1 |     0.5 |            9.5 |        0.02 |      1.110247704669858 |       2213594362.1178656 | 1.0741652329774583e-18 |  3.595601032372245e-19 |
|     5.12 |     0.1 |     0.5 |           9.75 |        0.02 |     1.9743306332573831 |        3936389276.332443 | 1.9101659167834773e-18 |  6.393983282582262e-19 |
|     5.12 |     0.1 |     0.5 |           10.0 |        0.02 |      3.510911513730712 |             7000000000.0 | 3.3968087195741783e-18 | 1.1370288819549109e-18 |
|     5.12 |     0.1 |     0.5 |          10.25 |        0.02 |      6.243381655335912 |       12447955870.272459 |  6.040475005859443e-18 |  2.021955049399997e-18 |
|     5.12 |     0.1 |     0.5 |           10.5 |        0.02 |      11.10247704669858 |       22135943621.178654 | 1.0741652329774588e-17 |  3.595601032372247e-18 |
|     5.12 |     0.1 |     0.5 |          10.75 |        0.02 |      19.74330633257383 |        39363892763.32443 |  1.910165916783476e-17 |  6.393983282582257e-18 |
|     5.12 |     0.1 |     0.5 |           11.0 |        0.02 |      35.10911513730712 |            70000000000.0 |   3.39680871957418e-17 | 1.1370288819549114e-17 |
|     5.12 |     0.1 |     0.5 |          11.25 |        0.02 |     62.433816553359115 |       124479558702.72458 |  6.040475005859442e-17 |  2.021955049399996e-17 |
|     5.12 |     0.1 |     0.8 |            8.0 |        0.02 |   0.002691828092752804 |               70000000.0 | 2.6103855512990448e-21 |  8.736314367540768e-22 |
|     5.12 |     0.1 |     0.8 |           8.25 |        0.02 |   0.004786822472706654 |       124479558.70272458 | 4.6419948781381975e-21 |  1.553560795942497e-21 |
|     5.12 |     0.1 |     0.8 |            8.5 |        0.02 |    0.00851230784272585 |       221359436.21178657 |  8.254763913299294e-21 | 2.7626651756682233e-21 |
|     5.12 |     0.1 |     0.8 |           8.75 |        0.02 |   0.015137261768632218 |       393638927.63324434 | 1.4679276701752462e-20 |  4.912790598722366e-21 |
|     5.12 |     0.1 |     0.8 |            9.0 |        0.02 |   0.026918280927528043 |              700000000.0 | 2.6103855512990472e-20 |  8.736314367540777e-21 |
|     5.12 |     0.1 |     0.8 |           9.25 |        0.02 |   0.047868224727066554 |       1244795587.0272458 |  4.641994878138197e-20 | 1.5535607959424967e-20 |
|     5.12 |     0.1 |     0.8 |            9.5 |        0.02 |    0.08512307842725848 |       2213594362.1178656 |   8.25476391329929e-20 |  2.762665175668222e-20 |
|     5.12 |     0.1 |     0.8 |           9.75 |        0.02 |    0.15137261768632215 |        3936389276.332443 |  1.467927670175246e-19 |  4.912790598722367e-20 |
|     5.12 |     0.1 |     0.8 |           10.0 |        0.02 |    0.26918280927528043 |             7000000000.0 | 2.6103855512990464e-19 |  8.736314367540776e-20 |
|     5.12 |     0.1 |     0.8 |          10.25 |        0.02 |     0.4786822472706656 |       12447955870.272459 |  4.641994878138198e-19 | 1.5535607959424968e-19 |
|     5.12 |     0.1 |     0.8 |           10.5 |        0.02 |     0.8512307842725848 |       22135943621.178654 |  8.254763913299304e-19 |  2.762665175668226e-19 |
|     5.12 |     0.1 |     0.8 |          10.75 |        0.02 |      1.513726176863222 |        39363892763.32443 | 1.4679276701752463e-18 |  4.912790598722367e-19 |
|     5.12 |     0.1 |     0.8 |           11.0 |        0.02 |     2.6918280927528038 |            70000000000.0 |  2.610385551299047e-18 |  8.736314367540774e-19 |
|     5.12 |     0.1 |     0.8 |          11.25 |        0.02 |      4.786822472706655 |       124479558702.72458 |  4.641994878138197e-18 | 1.5535607959424973e-18 |
|     5.12 |     0.1 |     1.0 |            8.0 |        0.02 | 0.00045422613780712835 |               70000000.0 |  4.409495767129314e-22 | 1.4756623570816757e-22 |
|     5.12 |     0.1 |     1.0 |           8.25 |        0.02 |  0.0008077409883639189 |       124479558.70272458 |  7.841315531339849e-22 | 2.6241399857678495e-22 |
|     5.12 |     0.1 |     1.0 |            8.5 |        0.02 |   0.001436389168252046 |       221359436.21178657 | 1.3944049957000064e-21 |  4.666454105750797e-22 |
|     5.12 |     0.1 |     1.0 |           8.75 |        0.02 |  0.0025543012827055475 |       393638927.63324434 | 2.4796416931087337e-21 |  8.298259254148236e-22 |
|     5.12 |     0.1 |     1.0 |            9.0 |        0.02 |   0.004542261378071284 |              700000000.0 |  4.409495767129315e-21 | 1.4756623570816756e-21 |
|     5.12 |     0.1 |     1.0 |           9.25 |        0.02 |   0.008077409883639189 |       1244795587.0272458 |   7.84131553133985e-21 |   2.62413998576785e-21 |
|     5.12 |     0.1 |     1.0 |            9.5 |        0.02 |    0.01436389168252046 |       2213594362.1178656 |  1.394404995700007e-20 |  4.666454105750797e-21 |
|     5.12 |     0.1 |     1.0 |           9.75 |        0.02 |   0.025543012827055473 |        3936389276.332443 | 2.4796416931087337e-20 |  8.298259254148237e-21 |
|     5.12 |     0.1 |     1.0 |           10.0 |        0.02 |    0.04542261378071284 |             7000000000.0 |  4.409495767129314e-20 | 1.4756623570816752e-20 |
|     5.12 |     0.1 |     1.0 |          10.25 |        0.02 |    0.08077409883639187 |       12447955870.272459 |  7.841315531339844e-20 |  2.624139985767848e-20 |
|     5.12 |     0.1 |     1.0 |           10.5 |        0.02 |    0.14363891682520458 |       22135943621.178654 | 1.3944049957000056e-19 |  4.666454105750794e-20 |
|     5.12 |     0.1 |     1.0 |          10.75 |        0.02 |    0.25543012827055467 |        39363892763.32443 |  2.479641693108734e-19 |  8.298259254148236e-20 |
|     5.12 |     0.1 |     1.0 |           11.0 |        0.02 |     0.4542261378071284 |            70000000000.0 |  4.409495767129316e-19 | 1.4756623570816755e-19 |
|     5.12 |     0.1 |     1.0 |          11.25 |        0.02 |     0.8077409883639188 |       124479558702.72458 |  7.841315531339845e-19 | 2.6241399857678486e-19 |
|     5.12 |     0.3 |    0.01 |            8.0 |        0.02 |     19.778396429633663 |               70000000.0 | 1.3295225035433401e-17 |   4.59872677836492e-18 |
|     5.12 |     0.3 |    0.01 |           8.25 |        0.02 |      35.17151513440489 |       124479558.70272458 | 2.3642624932345233e-17 |   8.17782114236097e-18 |
|     5.12 |     0.3 |    0.01 |            8.5 |        0.02 |      62.54478118338458 |       221359436.21178657 | 4.2043193116462374e-17 | 1.4542450956441478e-17 |
|     5.12 |     0.3 |    0.01 |           8.75 |        0.02 |     111.22209658380265 |       393638927.63324434 |  7.476454465129516e-17 | 2.5860541107340706e-17 |
|     5.12 |     0.3 |    0.01 |            9.0 |        0.02 |     197.78396429633665 |              700000000.0 | 1.3295225035433387e-16 |  4.598726778364915e-17 |
|     5.12 |     0.3 |    0.01 |           9.25 |        0.02 |      351.7151513440489 |       1244795587.0272458 |   2.36426249323452e-16 |  8.177821142360955e-17 |
|     5.12 |     0.3 |    0.01 |            9.5 |        0.02 |      625.4478118338457 |       2213594362.1178656 |  4.204319311646234e-16 | 1.4542450956441466e-16 |
|     5.12 |     0.3 |    0.01 |           9.75 |        0.02 |     1112.2209658380264 |        3936389276.332443 |   7.47645446512951e-16 |  2.586054110734069e-16 |
|     5.12 |     0.3 |    0.01 |           10.0 |        0.02 |     1977.8396429633665 |             7000000000.0 |  1.329522503543339e-15 |  4.598726778364918e-16 |
|     5.12 |     0.3 |    0.01 |          10.25 |        0.02 |     3517.1515134404895 |       12447955870.272459 | 2.3642624932345185e-15 |  8.177821142360954e-16 |
|     5.12 |     0.3 |    0.01 |           10.5 |        0.02 |      6254.478118338457 |       22135943621.178654 |  4.204319311646237e-15 | 1.4542450956441477e-15 |
|     5.12 |     0.3 |    0.01 |          10.75 |        0.02 |     11122.209658380261 |        39363892763.32443 |  7.476454465129515e-15 | 2.5860541107340705e-15 |
|     5.12 |     0.3 |    0.01 |           11.0 |        0.02 |     19778.396429633664 |            70000000000.0 | 1.3295225035433384e-14 | 4.5987267783649164e-15 |
|     5.12 |     0.3 |    0.01 |          11.25 |        0.02 |     35171.515134404886 |       124479558702.72458 |  2.364262493234522e-14 |   8.17782114236096e-15 |
|     5.12 |     0.3 |     0.1 |            8.0 |        0.02 |     1.7840836785516268 |               70000000.0 | 1.6505742614797016e-18 |  5.543915596972387e-19 |
|     5.12 |     0.3 |     0.1 |           8.25 |        0.02 |     3.1725992713548576 |       124479558.70272458 |  2.935182223929554e-18 |  9.858630957089636e-19 |
|     5.12 |     0.3 |     0.1 |            8.5 |        0.02 |     5.6417679605548345 |       221359436.21178657 |  5.219574113526183e-18 | 1.7531400442164827e-18 |
|     5.12 |     0.3 |     0.1 |           8.75 |        0.02 |     10.032639800471946 |       393638927.63324434 |  9.281861175255767e-18 | 3.1175728435448946e-18 |
|     5.12 |     0.3 |     0.1 |            9.0 |        0.02 |      17.84083678551627 |              700000000.0 | 1.6505742614797013e-17 |  5.543915596972382e-18 |
|     5.12 |     0.3 |     0.1 |           9.25 |        0.02 |      31.72599271354858 |       1244795587.0272458 | 2.9351822239295575e-17 |  9.858630957089644e-18 |
|     5.12 |     0.3 |     0.1 |            9.5 |        0.02 |      56.41767960554834 |       2213594362.1178656 | 5.2195741135261826e-17 | 1.7531400442164823e-17 |
|     5.12 |     0.3 |     0.1 |           9.75 |        0.02 |     100.32639800471947 |        3936389276.332443 |  9.281861175255774e-17 | 3.1175728435448975e-17 |
|     5.12 |     0.3 |     0.1 |           10.0 |        0.02 |     178.40836785516268 |             7000000000.0 | 1.6505742614797007e-16 |  5.543915596972382e-17 |
|     5.12 |     0.3 |     0.1 |          10.25 |        0.02 |     317.25992713548584 |       12447955870.272459 | 2.9351822239295553e-16 |  9.858630957089638e-17 |
|     5.12 |     0.3 |     0.1 |           10.5 |        0.02 |      564.1767960554832 |       22135943621.178654 |  5.219574113526184e-16 | 1.7531400442164826e-16 |
|     5.12 |     0.3 |     0.1 |          10.75 |        0.02 |     1003.2639800471945 |        39363892763.32443 |  9.281861175255773e-16 |  3.117572843544896e-16 |
|     5.12 |     0.3 |     0.1 |           11.0 |        0.02 |     1784.0836785516265 |            70000000000.0 |  1.650574261479702e-15 |  5.543915596972386e-16 |
|     5.12 |     0.3 |     0.1 |          11.25 |        0.02 |     3172.5992713548576 |       124479558702.72458 |  2.935182223929557e-15 |   9.85863095708964e-16 |
|     5.12 |     0.3 |     0.2 |            8.0 |        0.02 |      0.790636845368783 |               70000000.0 |  7.428300618914603e-19 | 2.4920377846871774e-19 |
|     5.12 |     0.3 |     0.2 |           8.25 |        0.02 |     1.4059732229374344 |       124479558.70272458 | 1.3209594042195234e-18 |  4.431539481548223e-19 |
|     5.12 |     0.3 |     0.2 |            8.5 |        0.02 |      2.500213233415704 |       221359436.21178657 |  2.349034910020861e-18 |  7.880515414811767e-19 |
|     5.12 |     0.3 |     0.2 |           8.75 |        0.02 |      4.446077713689986 |       393638927.63324434 |  4.177240413952731e-18 |   1.40137583026541e-18 |
|     5.12 |     0.3 |     0.2 |            9.0 |        0.02 |       7.90636845368783 |              700000000.0 |  7.428300618914606e-18 | 2.4920377846871793e-18 |
|     5.12 |     0.3 |     0.2 |           9.25 |        0.02 |     14.059732229374346 |       1244795587.0272458 | 1.3209594042195226e-17 |  4.431539481548219e-18 |
|     5.12 |     0.3 |     0.2 |            9.5 |        0.02 |      25.00213233415704 |       2213594362.1178656 |  2.349034910020858e-17 |  7.880515414811755e-18 |
|     5.12 |     0.3 |     0.2 |           9.75 |        0.02 |      44.46077713689986 |        3936389276.332443 |  4.177240413952728e-17 | 1.4013758302654095e-17 |
|     5.12 |     0.3 |     0.2 |           10.0 |        0.02 |       79.0636845368783 |             7000000000.0 |  7.428300618914601e-17 | 2.4920377846871763e-17 |
|     5.12 |     0.3 |     0.2 |          10.25 |        0.02 |     140.59732229374347 |       12447955870.272459 | 1.3209594042195231e-16 | 4.4315394815482194e-17 |
|     5.12 |     0.3 |     0.2 |           10.5 |        0.02 |      250.0213233415704 |       22135943621.178654 |  2.349034910020859e-16 |  7.880515414811762e-17 |
|     5.12 |     0.3 |     0.2 |          10.75 |        0.02 |     444.60777136899856 |        39363892763.32443 | 4.1772404139527265e-16 |  1.401375830265409e-16 |
|     5.12 |     0.3 |     0.2 |           11.0 |        0.02 |      790.6368453687829 |            70000000000.0 | 7.4283006189145985e-16 | 2.4920377846871764e-16 |
|     5.12 |     0.3 |     0.2 |          11.25 |        0.02 |     1405.9732229374342 |       124479558702.72458 | 1.3209594042195223e-15 | 4.4315394815482184e-16 |
|     5.12 |     0.3 |     0.3 |            8.0 |        0.02 |     0.4640703970591113 |               70000000.0 |  4.382413293500624e-19 | 1.4696358156697556e-19 |
|     5.12 |     0.3 |     0.3 |           8.25 |        0.02 |      0.825246831898805 |       124479558.70272458 |  7.793155326113018e-19 | 2.6134231112612835e-19 |
|     5.12 |     0.3 |     0.3 |            8.5 |        0.02 |     1.4675194493654973 |       221359436.21178657 | 1.3858407655661954e-18 |  4.647396508475802e-19 |
|     5.12 |     0.3 |     0.3 |           8.75 |        0.02 |     2.6096596206383214 |       393638927.63324434 |  2.464412098998943e-18 |    8.2643695213093e-19 |
|     5.12 |     0.3 |     0.3 |            9.0 |        0.02 |      4.640703970591112 |              700000000.0 |  4.382413293500624e-18 | 1.4696358156697558e-18 |
|     5.12 |     0.3 |     0.3 |           9.25 |        0.02 |       8.25246831898805 |       1244795587.0272458 |  7.793155326113024e-18 |  2.613423111261286e-18 |
|     5.12 |     0.3 |     0.3 |            9.5 |        0.02 |      14.67519449365497 |       2213594362.1178656 | 1.3858407655661949e-17 | 4.6473965084758025e-18 |
|     5.12 |     0.3 |     0.3 |           9.75 |        0.02 |     26.096596206383214 |        3936389276.332443 | 2.4644120989989432e-17 |    8.2643695213093e-18 |
|     5.12 |     0.3 |     0.3 |           10.0 |        0.02 |     46.407039705911124 |             7000000000.0 | 4.3824132935006226e-17 | 1.4696358156697553e-17 |
|     5.12 |     0.3 |     0.3 |          10.25 |        0.02 |       82.5246831898805 |       12447955870.272459 |   7.79315532611302e-17 | 2.6134231112612833e-17 |
|     5.12 |     0.3 |     0.3 |           10.5 |        0.02 |      146.7519449365497 |       22135943621.178654 | 1.3858407655661944e-16 | 4.6473965084757996e-17 |
|     5.12 |     0.3 |     0.3 |          10.75 |        0.02 |      260.9659620638321 |        39363892763.32443 | 2.4644120989989434e-16 |  8.264369521309303e-17 |
|     5.12 |     0.3 |     0.3 |           11.0 |        0.02 |     464.07039705911126 |            70000000000.0 | 4.3824132935006224e-16 | 1.4696358156697553e-16 |
|     5.12 |     0.3 |     0.3 |          11.25 |        0.02 |      825.2468318988049 |       124479558702.72458 |  7.793155326113023e-16 | 2.6134231112612843e-16 |
|     5.12 |     0.3 |     0.4 |            8.0 |        0.02 |    0.30434426206665055 |               70000000.0 |   2.88136371477578e-19 |  9.660747205958981e-20 |
|     5.12 |     0.3 |     0.4 |           8.25 |        0.02 |     0.5412091347966147 |       124479558.70272458 |  5.123869766819031e-19 | 1.7179507841947904e-19 |
|     5.12 |     0.3 |     0.4 |            8.5 |        0.02 |     0.9624210609337996 |       221359436.21178657 |  9.111672106055227e-19 |  3.054996506993819e-19 |
|     5.12 |     0.3 |     0.4 |           8.75 |        0.02 |     1.7114535564463915 |       393638927.63324434 | 1.6203098897223991e-18 |  5.432637386127935e-19 |
|     5.12 |     0.3 |     0.4 |            9.0 |        0.02 |      3.043442620666506 |              700000000.0 | 2.8813637147757797e-18 |  9.660747205958979e-19 |
|     5.12 |     0.3 |     0.4 |           9.25 |        0.02 |      5.412091347966147 |       1244795587.0272458 |  5.123869766819034e-18 |  1.717950784194791e-18 |
|     5.12 |     0.3 |     0.4 |            9.5 |        0.02 |      9.624210609337997 |       2213594362.1178656 |  9.111672106055219e-18 |  3.054996506993817e-18 |
|     5.12 |     0.3 |     0.4 |           9.75 |        0.02 |     17.114535564463914 |        3936389276.332443 |  1.620309889722399e-17 |  5.432637386127935e-18 |
|     5.12 |     0.3 |     0.4 |           10.0 |        0.02 |     30.434426206665055 |             7000000000.0 |  2.881363714775781e-17 |  9.660747205958985e-18 |
|     5.12 |     0.3 |     0.4 |          10.25 |        0.02 |      54.12091347966147 |       12447955870.272459 |  5.123869766819033e-17 | 1.7179507841947908e-17 |
|     5.12 |     0.3 |     0.4 |           10.5 |        0.02 |      96.24210609337999 |       22135943621.178654 |  9.111672106055218e-17 |  3.054996506993817e-17 |
|     5.12 |     0.3 |     0.4 |          10.75 |        0.02 |     171.14535564463912 |        39363892763.32443 | 1.6203098897223993e-16 |  5.432637386127934e-17 |
|     5.12 |     0.3 |     0.4 |           11.0 |        0.02 |      304.3442620666505 |            70000000000.0 | 2.8813637147757774e-16 |  9.660747205958973e-17 |
|     5.12 |     0.3 |     0.4 |          11.25 |        0.02 |      541.2091347966146 |       124479558702.72458 |  5.123869766819032e-16 | 1.7179507841947901e-16 |
|     5.12 |     0.3 |     0.5 |            8.0 |        0.02 |     0.2114128213409365 |               70000000.0 | 2.0045723183660165e-19 |  6.720232588428972e-20 |
|     5.12 |     0.3 |     0.5 |           8.25 |        0.02 |     0.3759510672088247 |       124479558.70272458 |  3.564689679684274e-19 | 1.1950451242675815e-19 |
|     5.12 |     0.3 |     0.5 |            8.5 |        0.02 |     0.6685460419996123 |       221359436.21178657 |  6.339014260560786e-19 | 2.1251241385524453e-19 |
|     5.12 |     0.3 |     0.5 |           8.75 |        0.02 |     1.1888616611509273 |       393638927.63324434 |  1.127253853949836e-18 |  3.779064499364518e-19 |
|     5.12 |     0.3 |     0.5 |            9.0 |        0.02 |      2.114128213409365 |              700000000.0 | 2.0045723183660154e-18 |  6.720232588428972e-19 |
|     5.12 |     0.3 |     0.5 |           9.25 |        0.02 |      3.759510672088248 |       1244795587.0272458 |  3.564689679684275e-18 | 1.1950451242675819e-18 |
|     5.12 |     0.3 |     0.5 |            9.5 |        0.02 |      6.685460419996123 |       2213594362.1178656 |  6.339014260560789e-18 |  2.125124138552446e-18 |
|     5.12 |     0.3 |     0.5 |           9.75 |        0.02 |     11.888616611509274 |        3936389276.332443 | 1.1272538539498353e-17 | 3.7790644993645146e-18 |
|     5.12 |     0.3 |     0.5 |           10.0 |        0.02 |      21.14128213409365 |             7000000000.0 | 2.0045723183660162e-17 |  6.720232588428972e-18 |
|     5.12 |     0.3 |     0.5 |          10.25 |        0.02 |      37.59510672088248 |       12447955870.272459 | 3.5646896796842757e-17 | 1.1950451242675817e-17 |
|     5.12 |     0.3 |     0.5 |           10.5 |        0.02 |      66.85460419996123 |       22135943621.178654 |  6.339014260560787e-17 |  2.125124138552445e-17 |
|     5.12 |     0.3 |     0.5 |          10.75 |        0.02 |     118.88616611509273 |        39363892763.32443 | 1.1272538539498354e-16 |  3.779064499364518e-17 |
|     5.12 |     0.3 |     0.5 |           11.0 |        0.02 |      211.4128213409365 |            70000000000.0 |  2.004572318366015e-16 |  6.720232588428968e-17 |
|     5.12 |     0.3 |     0.5 |          11.25 |        0.02 |      375.9510672088247 |       124479558702.72458 | 3.5646896796842737e-16 | 1.1950451242675813e-16 |
|     5.12 |     0.3 |     0.8 |            8.0 |        0.02 |    0.08287815540478258 |               70000000.0 |  7.876309853375917e-20 |  2.640040279983103e-20 |
|     5.12 |     0.3 |     0.8 |           8.25 |        0.02 |    0.14738051729833093 |       124479558.70272458 | 1.4006279639345092e-19 |   4.69472927156735e-20 |
|     5.12 |     0.3 |     0.8 |            8.5 |        0.02 |    0.26208373935250723 |       221359436.21178657 |  2.490707869389479e-19 |  8.348540399335252e-20 |
|     5.12 |     0.3 |     0.8 |           8.75 |        0.02 |     0.4660581173965713 |       393638927.63324434 |  4.429174520557216e-19 |  1.484603749601598e-19 |
|     5.12 |     0.3 |     0.8 |            9.0 |        0.02 |     0.8287815540478258 |              700000000.0 | 7.8763098533759165e-19 |  2.640040279983103e-19 |
|     5.12 |     0.3 |     0.8 |           9.25 |        0.02 |     1.4738051729833095 |       1244795587.0272458 | 1.4006279639345082e-18 |  4.694729271567345e-19 |
|     5.12 |     0.3 |     0.8 |            9.5 |        0.02 |     2.6208373935250715 |       2213594362.1178656 |  2.490707869389475e-18 |  8.348540399335241e-19 |
|     5.12 |     0.3 |     0.8 |           9.75 |        0.02 |     4.6605811739657135 |        3936389276.332443 |  4.429174520557218e-18 | 1.4846037496015985e-18 |
|     5.12 |     0.3 |     0.8 |           10.0 |        0.02 |       8.28781554047826 |             7000000000.0 |  7.876309853375915e-18 |  2.640040279983102e-18 |
|     5.12 |     0.3 |     0.8 |          10.25 |        0.02 |     14.738051729833094 |       12447955870.272459 | 1.4006279639345083e-17 |  4.694729271567347e-18 |
|     5.12 |     0.3 |     0.8 |           10.5 |        0.02 |     26.208373935250716 |       22135943621.178654 |  2.490707869389474e-17 |   8.34854039933524e-18 |
|     5.12 |     0.3 |     0.8 |          10.75 |        0.02 |     46.605811739657135 |        39363892763.32443 | 4.4291745205572204e-17 |    1.4846037496016e-17 |
|     5.12 |     0.3 |     0.8 |           11.0 |        0.02 |      82.87815540478259 |            70000000000.0 |  7.876309853375918e-17 | 2.6400402799831026e-17 |
|     5.12 |     0.3 |     0.8 |          11.25 |        0.02 |     147.38051729833094 |       124479558702.72458 | 1.4006279639345092e-16 |   4.69472927156735e-17 |
|     5.12 |     0.3 |     1.0 |            8.0 |        0.02 |    0.04688570516748193 |               70000000.0 |  4.459329507501595e-20 | 1.4946257453787504e-20 |
|     5.12 |     0.3 |     1.0 |           8.25 |        0.02 |    0.08337588412448864 |       124479558.70272458 |  7.929933845769095e-20 | 2.6578621887211087e-20 |
|     5.12 |     0.3 |     1.0 |            8.5 |        0.02 |    0.14826561803236926 |       221359436.21178657 | 1.4101638080901954e-19 | 4.7264216049237355e-20 |
|     5.12 |     0.3 |     1.0 |           8.75 |        0.02 |     0.2636576957636579 |       393638927.63324434 | 2.5076652647088724e-19 |  8.404898223198995e-20 |
|     5.12 |     0.3 |     1.0 |            9.0 |        0.02 |     0.4688570516748193 |              700000000.0 |  4.459329507501591e-19 | 1.4946257453787493e-19 |
|     5.12 |     0.3 |     1.0 |           9.25 |        0.02 |     0.8337588412448864 |       1244795587.0272458 |  7.929933845769097e-19 |   2.65786218872111e-19 |
|     5.12 |     0.3 |     1.0 |            9.5 |        0.02 |     1.4826561803236926 |       2213594362.1178656 |  1.410163808090196e-18 | 4.7264216049237355e-19 |
|     5.12 |     0.3 |     1.0 |           9.75 |        0.02 |     2.6365769576365787 |        3936389276.332443 |  2.507665264708871e-18 |  8.404898223198989e-19 |
|     5.12 |     0.3 |     1.0 |           10.0 |        0.02 |      4.688570516748193 |             7000000000.0 |  4.459329507501594e-18 |   1.49462574537875e-18 |
|     5.12 |     0.3 |     1.0 |          10.25 |        0.02 |      8.337588412448865 |       12447955870.272459 |  7.929933845769088e-18 |  2.657862188721107e-18 |
|     5.12 |     0.3 |     1.0 |           10.5 |        0.02 |     14.826561803236924 |       22135943621.178654 | 1.4101638080901953e-17 | 4.7264216049237336e-18 |
|     5.12 |     0.3 |     1.0 |          10.75 |        0.02 |     26.365769576365782 |        39363892763.32443 | 2.5076652647088743e-17 |     8.404898223199e-18 |
|     5.12 |     0.3 |     1.0 |           11.0 |        0.02 |      46.88570516748193 |            70000000000.0 | 4.4593295075015926e-17 | 1.4946257453787493e-17 |
|     5.12 |     0.3 |     1.0 |          11.25 |        0.02 |      83.37588412448864 |       124479558702.72458 |  7.929933845769093e-17 |  2.657862188721109e-17 |
|     5.12 |     0.5 |    0.01 |            8.0 |        0.02 |     19.866889184691743 |               70000000.0 |  1.331289897682437e-17 | 4.6053841762305905e-18 |
|     5.12 |     0.5 |    0.01 |           8.25 |        0.02 |      35.32887997866228 |       124479558.70272458 | 2.3674054138415002e-17 |  8.189659855909916e-18 |
|     5.12 |     0.5 |    0.01 |            8.5 |        0.02 |     62.824619845791474 |       221359436.21178657 |  4.209908302649018e-17 |  1.456350349698695e-17 |
|     5.12 |     0.5 |    0.01 |           8.75 |        0.02 |     111.71972791529367 |       393638927.63324434 |  7.486393252752662e-17 |  2.589797840672175e-17 |
|     5.12 |     0.5 |    0.01 |            9.0 |        0.02 |     198.66889184691738 |              700000000.0 | 1.3312898976824365e-16 |  4.605384176230588e-17 |
|     5.12 |     0.5 |    0.01 |           9.25 |        0.02 |      353.2887997866228 |       1244795587.0272458 | 2.3674054138415007e-16 |  8.189659855909919e-17 |
|     5.12 |     0.5 |    0.01 |            9.5 |        0.02 |      628.2461984579147 |       2213594362.1178656 | 4.2099083026490157e-16 | 1.4563503496986938e-16 |
|     5.12 |     0.5 |    0.01 |           9.75 |        0.02 |     1117.1972791529367 |        3936389276.332443 |  7.486393252752652e-16 | 2.5897978406721715e-16 |
|     5.12 |     0.5 |    0.01 |           10.0 |        0.02 |     1986.6889184691738 |             7000000000.0 | 1.3312898976824361e-15 |  4.605384176230587e-16 |
|     5.12 |     0.5 |    0.01 |          10.25 |        0.02 |     3532.8879978662285 |       12447955870.272459 | 2.3674054138415017e-15 |  8.189659855909922e-16 |
|     5.12 |     0.5 |    0.01 |           10.5 |        0.02 |      6282.461984579148 |       22135943621.178654 | 4.2099083026490155e-15 |  1.456350349698694e-15 |
|     5.12 |     0.5 |    0.01 |          10.75 |        0.02 |     11171.972791529368 |        39363892763.32443 |  7.486393252752655e-15 | 2.5897978406721738e-15 |
|     5.12 |     0.5 |    0.01 |           11.0 |        0.02 |      19866.88918469174 |            70000000000.0 | 1.3312898976824367e-14 |  4.605384176230588e-15 |
|     5.12 |     0.5 |    0.01 |          11.25 |        0.02 |     35328.879978662284 |       124479558702.72458 | 2.3674054138415002e-14 |  8.189659855909916e-15 |
|     5.12 |     0.5 |     0.1 |            8.0 |        0.02 |     1.8689180011592623 |               70000000.0 | 1.7222239954014619e-18 |  5.786250204137385e-19 |
|     5.12 |     0.5 |     0.1 |           8.25 |        0.02 |      3.323458400512615 |       124479558.70272458 | 3.0625954704973845e-18 | 1.0289569599351017e-18 |
|     5.12 |     0.5 |     0.1 |            8.5 |        0.02 |      5.910037643752477 |       221359436.21178657 |  5.446150466463967e-18 | 1.8297729756688362e-18 |
|     5.12 |     0.5 |     0.1 |           8.75 |        0.02 |      10.50969825443998 |       393638927.63324434 |  9.684777238486752e-18 | 3.2538476076775432e-18 |
|     5.12 |     0.5 |     0.1 |            9.0 |        0.02 |     18.689180011592622 |              700000000.0 | 1.7222239954014604e-17 |  5.786250204137381e-18 |
|     5.12 |     0.5 |     0.1 |           9.25 |        0.02 |      33.23458400512616 |       1244795587.0272458 |  3.062595470497384e-17 | 1.0289569599351014e-17 |
|     5.12 |     0.5 |     0.1 |            9.5 |        0.02 |     59.100376437524766 |       2213594362.1178656 |  5.446150466463971e-17 |  1.829772975668838e-17 |
|     5.12 |     0.5 |     0.1 |           9.75 |        0.02 |      105.0969825443998 |        3936389276.332443 |  9.684777238486747e-17 | 3.2538476076775425e-17 |
|     5.12 |     0.5 |     0.1 |           10.0 |        0.02 |     186.89180011592623 |             7000000000.0 | 1.7222239954014586e-16 |  5.786250204137377e-17 |
|     5.12 |     0.5 |     0.1 |          10.25 |        0.02 |      332.3458400512616 |       12447955870.272459 | 3.0625954704973856e-16 |  1.028956959935102e-16 |
|     5.12 |     0.5 |     0.1 |           10.5 |        0.02 |      591.0037643752476 |       22135943621.178654 |  5.446150466463965e-16 | 1.8297729756688356e-16 |
|     5.12 |     0.5 |     0.1 |          10.75 |        0.02 |     1050.9698254439977 |        39363892763.32443 |  9.684777238486744e-16 |  3.253847607677541e-16 |
|     5.12 |     0.5 |     0.1 |           11.0 |        0.02 |     1868.9180011592625 |            70000000000.0 | 1.7222239954014605e-15 |  5.786250204137383e-16 |
|     5.12 |     0.5 |     0.1 |          11.25 |        0.02 |     3323.4584005126158 |       124479558702.72458 | 3.0625954704973852e-15 |  1.028956959935102e-15 |
|     5.12 |     0.5 |     0.2 |            8.0 |        0.02 |     0.8712253027233926 |               70000000.0 |  8.152812243791664e-19 | 2.7359072013422275e-19 |
|     5.12 |     0.5 |     0.2 |           8.25 |        0.02 |     1.5492820173379367 |       124479558.70272458 | 1.4497978147047948e-18 |  4.865207443924097e-19 |
|     5.12 |     0.5 |     0.2 |            8.5 |        0.02 |      2.755056311775618 |       221359436.21178657 | 2.5781456026089598e-18 |  8.651698223098314e-19 |
|     5.12 |     0.5 |     0.2 |           8.75 |        0.02 |      4.899259912728357 |       393638927.63324434 | 4.5846632412019096e-18 | 1.5385136812006082e-18 |
|     5.12 |     0.5 |     0.2 |            9.0 |        0.02 |      8.712253027233924 |              700000000.0 |  8.152812243791662e-18 | 2.7359072013422263e-18 |
|     5.12 |     0.5 |     0.2 |           9.25 |        0.02 |     15.492820173379366 |       1244795587.0272458 | 1.4497978147047946e-17 |  4.865207443924097e-18 |
|     5.12 |     0.5 |     0.2 |            9.5 |        0.02 |     27.550563117756177 |       2213594362.1178656 | 2.5781456026089625e-17 |  8.651698223098322e-18 |
|     5.12 |     0.5 |     0.2 |           9.75 |        0.02 |      48.99259912728356 |        3936389276.332443 |  4.584663241201909e-17 |  1.538513681200608e-17 |
|     5.12 |     0.5 |     0.2 |           10.0 |        0.02 |      87.12253027233926 |             7000000000.0 |  8.152812243791658e-17 |  2.735907201342226e-17 |
|     5.12 |     0.5 |     0.2 |          10.25 |        0.02 |     154.92820173379363 |       12447955870.272459 | 1.4497978147047948e-16 |  4.865207443924097e-17 |
|     5.12 |     0.5 |     0.2 |           10.5 |        0.02 |      275.5056311775618 |       22135943621.178654 |   2.57814560260896e-16 |  8.651698223098312e-17 |
|     5.12 |     0.5 |     0.2 |          10.75 |        0.02 |     489.92599127283563 |        39363892763.32443 |  4.584663241201904e-16 |  1.538513681200607e-16 |
|     5.12 |     0.5 |     0.2 |           11.0 |        0.02 |      871.2253027233926 |            70000000000.0 |  8.152812243791664e-16 | 2.7359072013422285e-16 |
|     5.12 |     0.5 |     0.2 |          11.25 |        0.02 |     1549.2820173379366 |       124479558702.72458 | 1.4497978147047954e-15 |  4.865207443924098e-16 |
|     5.12 |     0.5 |     0.3 |            8.0 |        0.02 |     0.5402514320671059 |               70000000.0 |  5.081411472739249e-19 | 1.7045526423251175e-19 |
|     5.12 |     0.5 |     0.3 |           8.25 |        0.02 |     0.9607179978889763 |       124479558.70272458 |  9.036169395907773e-19 |  3.031170867174199e-19 |
|     5.12 |     0.5 |     0.3 |            8.5 |        0.02 |      1.708425034499784 |       221359436.21178657 | 1.6068833982366634e-18 |  5.390268741405703e-19 |
|     5.12 |     0.5 |     0.3 |           8.75 |        0.02 |      3.038057062446002 |       393638927.63324434 | 2.8574876614176328e-18 |  9.585403917418179e-19 |
|     5.12 |     0.5 |     0.3 |            9.0 |        0.02 |      5.402514320671059 |              700000000.0 | 5.0814114727392516e-18 | 1.7045526423251182e-18 |
|     5.12 |     0.5 |     0.3 |           9.25 |        0.02 |      9.607179978889762 |       1244795587.0272458 |  9.036169395907773e-18 |    3.0311708671742e-18 |
|     5.12 |     0.5 |     0.3 |            9.5 |        0.02 |     17.084250344997837 |       2213594362.1178656 | 1.6068833982366645e-17 |  5.390268741405705e-18 |
|     5.12 |     0.5 |     0.3 |           9.75 |        0.02 |     30.380570624460017 |        3936389276.332443 | 2.8574876614176335e-17 |  9.585403917418179e-18 |
|     5.12 |     0.5 |     0.3 |           10.0 |        0.02 |      54.02514320671059 |             7000000000.0 |  5.081411472739251e-17 |  1.704552642325118e-17 |
|     5.12 |     0.5 |     0.3 |          10.25 |        0.02 |      96.07179978889764 |       12447955870.272459 |  9.036169395907768e-17 |  3.031170867174199e-17 |
|     5.12 |     0.5 |     0.3 |           10.5 |        0.02 |     170.84250344997838 |       22135943621.178654 |  1.606883398236665e-16 | 5.3902687414057045e-17 |
|     5.12 |     0.5 |     0.3 |          10.75 |        0.02 |      303.8057062446002 |        39363892763.32443 | 2.8574876614176324e-16 |  9.585403917418174e-17 |
|     5.12 |     0.5 |     0.3 |           11.0 |        0.02 |       540.251432067106 |            70000000000.0 |  5.081411472739253e-16 | 1.7045526423251183e-16 |
|     5.12 |     0.5 |     0.3 |          11.25 |        0.02 |      960.7179978889762 |       124479558702.72458 |  9.036169395907765e-16 |  3.031170867174197e-16 |
|     5.12 |     0.5 |     0.4 |            8.0 |        0.02 |    0.37599203575275386 |               70000000.0 | 3.5454233737137766e-19 |  1.189079354293046e-19 |
|     5.12 |     0.5 |     0.4 |           8.25 |        0.02 |     0.6686188955177407 |       124479558.70272458 |  6.304753385345949e-19 | 2.1145153326417031e-19 |
|     5.12 |     0.5 |     0.4 |            8.5 |        0.02 |     1.1889912150621642 |       221359436.21178657 | 1.1211613130533888e-18 | 3.7601990782483414e-19 |
|     5.12 |     0.5 |     0.4 |           8.75 |        0.02 |     2.1143585964622074 |       393638927.63324434 | 1.9937380783350434e-18 |  6.686684598496361e-19 |
|     5.12 |     0.5 |     0.4 |            9.0 |        0.02 |      3.759920357527539 |              700000000.0 |  3.545423373713779e-18 |  1.189079354293047e-18 |
|     5.12 |     0.5 |     0.4 |           9.25 |        0.02 |      6.686188955177406 |       1244795587.0272458 |  6.304753385345944e-18 | 2.1145153326417017e-18 |
|     5.12 |     0.5 |     0.4 |            9.5 |        0.02 |      11.88991215062164 |       2213594362.1178656 | 1.1211613130533887e-17 |  3.760199078248341e-18 |
|     5.12 |     0.5 |     0.4 |           9.75 |        0.02 |     21.143585964622073 |        3936389276.332443 | 1.9937380783350447e-17 |  6.686684598496364e-18 |
|     5.12 |     0.5 |     0.4 |           10.0 |        0.02 |      37.59920357527538 |             7000000000.0 |  3.545423373713777e-17 | 1.1890793542930455e-17 |
|     5.12 |     0.5 |     0.4 |          10.25 |        0.02 |      66.86188955177407 |       12447955870.272459 |  6.304753385345944e-17 | 2.1145153326417023e-17 |
|     5.12 |     0.5 |     0.4 |           10.5 |        0.02 |     118.89912150621642 |       22135943621.178654 | 1.1211613130533886e-16 |  3.760199078248341e-17 |
|     5.12 |     0.5 |     0.4 |          10.75 |        0.02 |      211.4358596462207 |        39363892763.32443 | 1.9937380783350429e-16 |   6.68668459849636e-17 |
|     5.12 |     0.5 |     0.4 |           11.0 |        0.02 |      375.9920357527539 |            70000000000.0 | 3.5454233737137767e-16 | 1.1890793542930458e-16 |
|     5.12 |     0.5 |     0.4 |          11.25 |        0.02 |      668.6188955177407 |       124479558702.72458 |  6.304753385345942e-16 |  2.114515332641701e-16 |
|     5.12 |     0.5 |     0.5 |            8.0 |        0.02 |    0.27844223823546677 |               70000000.0 | 2.6295517335649317e-19 |  8.818092655767158e-20 |
|     5.12 |     0.5 |     0.5 |           8.25 |        0.02 |      0.495148099139283 |       124479558.70272458 |  4.676077705430673e-19 |  1.568103260556618e-19 |
|     5.12 |     0.5 |     0.5 |            8.5 |        0.02 |     0.8805116696192984 |       221359436.21178657 |   8.31537270330942e-19 | 2.7885257410627343e-19 |
|     5.12 |     0.5 |     0.5 |           8.75 |        0.02 |     1.5657957723829927 |       393638927.63324434 | 1.4787056065094846e-18 |  4.958777909695391e-19 |
|     5.12 |     0.5 |     0.5 |            9.0 |        0.02 |     2.7844223823546677 |              700000000.0 | 2.6295517335649342e-18 |  8.818092655767164e-19 |
|     5.12 |     0.5 |     0.5 |           9.25 |        0.02 |       4.95148099139283 |       1244795587.0272458 |  4.676077705430675e-18 | 1.5681032605566178e-18 |
|     5.12 |     0.5 |     0.5 |            9.5 |        0.02 |      8.805116696192984 |       2213594362.1178656 |  8.315372703309419e-18 |  2.788525741062734e-18 |
|     5.12 |     0.5 |     0.5 |           9.75 |        0.02 |     15.657957723829927 |        3936389276.332443 | 1.4787056065094846e-17 |  4.958777909695392e-18 |
|     5.12 |     0.5 |     0.5 |           10.0 |        0.02 |     27.844223823546677 |             7000000000.0 | 2.6295517335649323e-17 |  8.818092655767159e-18 |
|     5.12 |     0.5 |     0.5 |          10.25 |        0.02 |       49.5148099139283 |       12447955870.272459 |  4.676077705430676e-17 | 1.5681032605566188e-17 |
|     5.12 |     0.5 |     0.5 |           10.5 |        0.02 |      88.05116696192982 |       22135943621.178654 |  8.315372703309417e-17 |  2.788525741062734e-17 |
|     5.12 |     0.5 |     0.5 |          10.75 |        0.02 |     156.57957723829927 |        39363892763.32443 | 1.4787056065094832e-16 |  4.958777909695388e-17 |
|     5.12 |     0.5 |     0.5 |           11.0 |        0.02 |     278.44223823546673 |            70000000000.0 |  2.629551733564932e-16 |   8.81809265576716e-17 |
|     5.12 |     0.5 |     0.5 |          11.25 |        0.02 |     495.14809913928303 |       124479558702.72458 |  4.676077705430676e-16 | 1.5681032605566187e-16 |
|     5.12 |     0.5 |     0.8 |            8.0 |        0.02 |     0.1359947260744871 |               70000000.0 | 1.2872363071487696e-19 | 4.3159538910551544e-20 |
|     5.12 |     0.5 |     0.8 |           8.25 |        0.02 |    0.24183662125214384 |       124479558.70272458 | 2.2890658208571955e-19 |  7.674971939140757e-20 |
|     5.12 |     0.5 |     0.8 |            8.5 |        0.02 |     0.4300530841660688 |       221359436.21178657 | 4.0705986174541947e-19 |  1.364824457200051e-19 |
|     5.12 |     0.5 |     0.8 |           8.75 |        0.02 |     0.7647545447962559 |       393638927.63324434 |  7.238661707951708e-19 | 2.4270392305564013e-19 |
|     5.12 |     0.5 |     0.8 |            9.0 |        0.02 |     1.3599472607448708 |              700000000.0 | 1.2872363071487698e-18 | 4.3159538910551565e-19 |
|     5.12 |     0.5 |     0.8 |           9.25 |        0.02 |      2.418366212521438 |       1244795587.0272458 | 2.2890658208571957e-18 |  7.674971939140758e-19 |
|     5.12 |     0.5 |     0.8 |            9.5 |        0.02 |      4.300530841660687 |       2213594362.1178656 |    4.0705986174542e-18 |  1.364824457200052e-18 |
|     5.12 |     0.5 |     0.8 |           9.75 |        0.02 |      7.647545447962559 |        3936389276.332443 |  7.238661707951703e-18 | 2.4270392305564002e-18 |
|     5.12 |     0.5 |     0.8 |           10.0 |        0.02 |     13.599472607448707 |             7000000000.0 | 1.2872363071487696e-17 |  4.315953891055156e-18 |
|     5.12 |     0.5 |     0.8 |          10.25 |        0.02 |     24.183662125214386 |       12447955870.272459 | 2.2890658208571976e-17 |  7.674971939140761e-18 |
|     5.12 |     0.5 |     0.8 |           10.5 |        0.02 |      43.00530841660687 |       22135943621.178654 |  4.070598617454197e-17 |  1.364824457200051e-17 |
|     5.12 |     0.5 |     0.8 |          10.75 |        0.02 |       76.4754544796256 |        39363892763.32443 |  7.238661707951708e-17 | 2.4270392305564012e-17 |
|     5.12 |     0.5 |     0.8 |           11.0 |        0.02 |     135.99472607448712 |            70000000000.0 |   1.28723630714877e-16 | 4.3159538910551577e-17 |
|     5.12 |     0.5 |     0.8 |          11.25 |        0.02 |      241.8366212521438 |       124479558702.72458 | 2.2890658208571957e-16 |  7.674971939140755e-17 |
|     5.12 |     0.5 |     1.0 |            8.0 |        0.02 |    0.09113576837112104 |               70000000.0 |  8.633018432019695e-20 | 2.8943859970228955e-20 |
|     5.12 |     0.5 |     1.0 |           8.25 |        0.02 |    0.16206486041244106 |       124479558.70272458 |  1.535191892414713e-19 | 5.1470270232107936e-20 |
|     5.12 |     0.5 |     1.0 |            8.5 |        0.02 |    0.28819660436227607 |       221359436.21178657 |  2.730000132739773e-19 |  9.152852178289682e-20 |
|     5.12 |     0.5 |     1.0 |           8.75 |        0.02 |     0.5124940875805691 |       393638927.63324434 |  4.854703025454665e-19 |  1.627632857178244e-19 |
|     5.12 |     0.5 |     1.0 |            9.0 |        0.02 |     0.9113576837112106 |              700000000.0 |  8.633018432019698e-19 |  2.894385997022896e-19 |
|     5.12 |     0.5 |     1.0 |           9.25 |        0.02 |     1.6206486041244106 |       1244795587.0272458 | 1.5351918924147139e-18 |  5.147027023210797e-19 |
|     5.12 |     0.5 |     1.0 |            9.5 |        0.02 |     2.8819660436227603 |       2213594362.1178656 |  2.730000132739776e-18 |   9.15285217828969e-19 |
|     5.12 |     0.5 |     1.0 |           9.75 |        0.02 |      5.124940875805692 |        3936389276.332443 | 4.8547030254546665e-18 | 1.6276328571782451e-18 |
|     5.12 |     0.5 |     1.0 |           10.0 |        0.02 |      9.113576837112104 |             7000000000.0 |  8.633018432019699e-18 | 2.8943859970228964e-18 |
|     5.12 |     0.5 |     1.0 |          10.25 |        0.02 |     16.206486041244105 |       12447955870.272459 |  1.535191892414713e-17 | 5.1470270232107934e-18 |
|     5.12 |     0.5 |     1.0 |           10.5 |        0.02 |     28.819660436227604 |       22135943621.178654 | 2.7300001327397748e-17 |  9.152852178289688e-18 |
|     5.12 |     0.5 |     1.0 |          10.75 |        0.02 |     51.249408758056916 |        39363892763.32443 |  4.854703025454666e-17 | 1.6276328571782447e-17 |
|     5.12 |     0.5 |     1.0 |           11.0 |        0.02 |      91.13576837112105 |            70000000000.0 |  8.633018432019693e-17 |  2.894385997022894e-17 |
|     5.12 |     0.5 |     1.0 |          11.25 |        0.02 |     162.06486041244108 |       124479558702.72458 | 1.5351918924147136e-16 | 5.1470270232107963e-17 |
|     5.12 |     1.0 |    0.01 |            8.0 |        0.02 |     19.933388925938797 |               70000000.0 | 1.3326126002017148e-17 |  4.610366957993003e-18 |
|     5.12 |     1.0 |    0.01 |           8.25 |        0.02 |      35.44713509929483 |       124479558.70272458 | 2.3697575484971384e-17 |  8.198520634122738e-18 |
|     5.12 |     1.0 |    0.01 |            8.5 |        0.02 |      63.03491049194401 |       221359436.21178657 |  4.214091055276777e-17 |  1.457926043643972e-17 |
|     5.12 |     1.0 |    0.01 |           8.75 |        0.02 |     112.09368344147052 |       393638927.63324434 |   7.49383135562789e-17 | 2.5925998647715838e-17 |
|     5.12 |     1.0 |    0.01 |            9.0 |        0.02 |     199.33388925938795 |              700000000.0 | 1.3326126002017143e-16 | 4.6103669579930026e-17 |
|     5.12 |     1.0 |    0.01 |           9.25 |        0.02 |      354.4713509929483 |       1244795587.0272458 |  2.369757548497141e-16 |  8.198520634122741e-17 |
|     5.12 |     1.0 |    0.01 |            9.5 |        0.02 |        630.34910491944 |       2213594362.1178656 | 4.2140910552767773e-16 | 1.4579260436439721e-16 |
|     5.12 |     1.0 |    0.01 |           9.75 |        0.02 |     1120.9368344147051 |        3936389276.332443 |  7.493831355627889e-16 |  2.592599864771583e-16 |
|     5.12 |     1.0 |    0.01 |           10.0 |        0.02 |      1993.338892593879 |             7000000000.0 | 1.3326126002017146e-15 |  4.610366957993003e-16 |
|     5.12 |     1.0 |    0.01 |          10.25 |        0.02 |     3544.7135099294837 |       12447955870.272459 | 2.3697575484971392e-15 |  8.198520634122738e-16 |
|     5.12 |     1.0 |    0.01 |           10.5 |        0.02 |      6303.491049194401 |       22135943621.178654 |   4.21409105527678e-15 | 1.4579260436439729e-15 |
|     5.12 |     1.0 |    0.01 |          10.75 |        0.02 |      11209.36834414705 |        39363892763.32443 |  7.493831355627891e-15 | 2.5925998647715837e-15 |
|     5.12 |     1.0 |    0.01 |           11.0 |        0.02 |     19933.388925938794 |            70000000000.0 | 1.3326126002017146e-14 |  4.610366957993003e-15 |
|     5.12 |     1.0 |    0.01 |          11.25 |        0.02 |      35447.13509929483 |       124479558702.72458 |   2.36975754849714e-14 |   8.19852063412274e-15 |
|     5.12 |     1.0 |     0.1 |            8.0 |        0.02 |      1.933892560993188 |               70000000.0 | 1.7768208618699134e-18 |  5.970975768259689e-19 |
|     5.12 |     1.0 |     0.1 |           8.25 |        0.02 |     3.4390013224416283 |       124479558.70272458 | 3.1596839539908783e-18 | 1.0618063266537536e-18 |
|     5.12 |     1.0 |     0.1 |            8.5 |        0.02 |      6.115505242794574 |       221359436.21178657 |  5.618800917612354e-18 | 1.8881883281374335e-18 |
|     5.12 |     1.0 |     0.1 |           8.75 |        0.02 |     10.875077055246676 |       393638927.63324434 |  9.991797980897862e-18 | 3.3577264262026185e-18 |
|     5.12 |     1.0 |     0.1 |            9.0 |        0.02 |     19.338925609931884 |              700000000.0 | 1.7768208618699143e-17 | 5.9709757682596886e-18 |
|     5.12 |     1.0 |     0.1 |           9.25 |        0.02 |     34.390013224416286 |       1244795587.0272458 |  3.159683953990879e-17 | 1.0618063266537542e-17 |
|     5.12 |     1.0 |     0.1 |            9.5 |        0.02 |      61.15505242794573 |       2213594362.1178656 |  5.618800917612354e-17 |  1.888188328137434e-17 |
|     5.12 |     1.0 |     0.1 |           9.75 |        0.02 |     108.75077055246675 |        3936389276.332443 |  9.991797980897849e-17 |  3.357726426202614e-17 |
|     5.12 |     1.0 |     0.1 |           10.0 |        0.02 |     193.38925609931883 |             7000000000.0 | 1.7768208618699142e-16 |  5.970975768259689e-17 |
|     5.12 |     1.0 |     0.1 |          10.25 |        0.02 |      343.9001322441629 |       12447955870.272459 |  3.159683953990881e-16 | 1.0618063266537545e-16 |
|     5.12 |     1.0 |     0.1 |           10.5 |        0.02 |      611.5505242794574 |       22135943621.178654 |  5.618800917612353e-16 | 1.8881883281374334e-16 |
|     5.12 |     1.0 |     0.1 |          10.75 |        0.02 |     1087.5077055246675 |        39363892763.32443 |   9.99179798089785e-16 |  3.357726426202613e-16 |
|     5.12 |     1.0 |     0.1 |           11.0 |        0.02 |     1933.8925609931885 |            70000000000.0 |  1.776820861869914e-15 |  5.970975768259691e-16 |
|     5.12 |     1.0 |     0.1 |          11.25 |        0.02 |      3439.001322441628 |       124479558702.72458 | 3.1596839539908806e-15 |  1.061806326653754e-15 |
|     5.12 |     1.0 |     0.2 |            8.0 |        0.02 |     0.9344590005796312 |               70000000.0 |  8.718421306914139e-19 | 2.9263610558928084e-19 |
|     5.12 |     1.0 |     0.2 |           8.25 |        0.02 |     1.6617292002563075 |       124479558.70272458 | 1.5503789098130045e-18 |  5.203887612033941e-19 |
|     5.12 |     1.0 |     0.2 |            8.5 |        0.02 |     2.9550188218762385 |       221359436.21178657 |  2.757006893079059e-18 |  9.253966192636583e-19 |
|     5.12 |     1.0 |     0.2 |           8.75 |        0.02 |       5.25484912721999 |       393638927.63324434 |  4.902728591297869e-18 | 1.6456137541561905e-18 |
|     5.12 |     1.0 |     0.2 |            9.0 |        0.02 |      9.344590005796311 |              700000000.0 |  8.718421306914135e-18 | 2.9263610558928076e-18 |
|     5.12 |     1.0 |     0.2 |           9.25 |        0.02 |      16.61729200256308 |       1244795587.0272458 | 1.5503789098130047e-17 |  5.203887612033942e-18 |
|     5.12 |     1.0 |     0.2 |            9.5 |        0.02 |     29.550188218762383 |       2213594362.1178656 | 2.7570068930790603e-17 |  9.253966192636587e-18 |
|     5.12 |     1.0 |     0.2 |           9.75 |        0.02 |       52.5484912721999 |        3936389276.332443 |  4.902728591297876e-17 | 1.6456137541561925e-17 |
|     5.12 |     1.0 |     0.2 |           10.0 |        0.02 |      93.44590005796312 |             7000000000.0 |  8.718421306914139e-17 |  2.926361055892809e-17 |
|     5.12 |     1.0 |     0.2 |          10.25 |        0.02 |      166.1729200256308 |       12447955870.272459 | 1.5503789098130045e-16 | 5.2038876120339434e-17 |
|     5.12 |     1.0 |     0.2 |           10.5 |        0.02 |      295.5018821876238 |       22135943621.178654 |  2.757006893079058e-16 |  9.253966192636577e-17 |
|     5.12 |     1.0 |     0.2 |          10.75 |        0.02 |      525.4849127219989 |        39363892763.32443 |  4.902728591297871e-16 |  1.645613754156191e-16 |
|     5.12 |     1.0 |     0.2 |           11.0 |        0.02 |      934.4590005796313 |            70000000000.0 |  8.718421306914137e-16 | 2.9263610558928084e-16 |
|     5.12 |     1.0 |     0.2 |          11.25 |        0.02 |     1661.7292002563079 |       124479558702.72458 |  1.550378909813005e-15 |  5.203887612033945e-16 |
|     5.12 |     1.0 |     0.3 |            8.0 |        0.02 |     0.6016991071089899 |               70000000.0 |  5.642405734100416e-19 | 1.8931593277139057e-19 |
|     5.12 |     1.0 |     0.3 |           8.25 |        0.02 |     1.0699891332107208 |       124479558.70272458 |  1.003377394003632e-18 | 3.3665662523967654e-19 |
|     5.12 |     1.0 |     0.3 |            8.5 |        0.02 |     1.9027396445540192 |       221359436.21178657 | 1.7842853602551715e-18 |  5.986695449169072e-19 |
|     5.12 |     1.0 |     0.3 |           8.75 |        0.02 |      3.383602732575191 |       393638927.63324434 |  3.172957917775653e-18 |  1.064601725143108e-18 |
|     5.12 |     1.0 |     0.3 |            9.0 |        0.02 |     6.0169910710898975 |              700000000.0 |  5.642405734100418e-18 |  1.893159327713906e-18 |
|     5.12 |     1.0 |     0.3 |           9.25 |        0.02 |     10.699891332107208 |       1244795587.0272458 | 1.0033773940036318e-17 |  3.366566252396765e-18 |
|     5.12 |     1.0 |     0.3 |            9.5 |        0.02 |      19.02739644554019 |       2213594362.1178656 | 1.7842853602551702e-17 |  5.986695449169069e-18 |
|     5.12 |     1.0 |     0.3 |           9.75 |        0.02 |     33.836027325751914 |        3936389276.332443 |  3.172957917775653e-17 |  1.064601725143108e-17 |
|     5.12 |     1.0 |     0.3 |           10.0 |        0.02 |      60.16991071089896 |             7000000000.0 |  5.642405734100417e-17 |  1.893159327713906e-17 |
|     5.12 |     1.0 |     0.3 |          10.25 |        0.02 |      106.9989133210721 |       12447955870.272459 | 1.0033773940036327e-16 |  3.366566252396768e-17 |
|     5.12 |     1.0 |     0.3 |           10.5 |        0.02 |      190.2739644554019 |       22135943621.178654 | 1.7842853602551705e-16 |  5.986695449169069e-17 |
|     5.12 |     1.0 |     0.3 |          10.75 |        0.02 |     338.36027325751905 |        39363892763.32443 |  3.172957917775653e-16 | 1.0646017251431083e-16 |
|     5.12 |     1.0 |     0.3 |           11.0 |        0.02 |      601.6991071089898 |            70000000000.0 |  5.642405734100418e-16 | 1.8931593277139064e-16 |
|     5.12 |     1.0 |     0.3 |          11.25 |        0.02 |     1069.9891332107209 |       124479558702.72458 | 1.0033773940036328e-15 | 3.3665662523967694e-16 |
|     5.12 |     1.0 |     0.4 |            8.0 |        0.02 |     0.4356126513616963 |               70000000.0 |  4.095289245614515e-19 | 1.3738029475581197e-19 |
|     5.12 |     1.0 |     0.4 |           8.25 |        0.02 |     0.7746410086689683 |       124479558.70272458 |  7.282568543630123e-19 | 2.4430054950933856e-19 |
|     5.12 |     1.0 |     0.4 |            8.5 |        0.02 |      1.377528155887809 |       221359436.21178657 | 1.2950441693334602e-18 |  4.344346370536516e-19 |
|     5.12 |     1.0 |     0.4 |           8.75 |        0.02 |     2.4496299563641784 |       393638927.63324434 |  2.302950381416654e-18 |  7.725461700802415e-19 |
|     5.12 |     1.0 |     0.4 |            9.0 |        0.02 |      4.356126513616962 |              700000000.0 | 4.0952892456145145e-18 | 1.3738029475581198e-18 |
|     5.12 |     1.0 |     0.4 |           9.25 |        0.02 |      7.746410086689683 |       1244795587.0272458 |  7.282568543630129e-18 |  2.443005495093388e-18 |
|     5.12 |     1.0 |     0.4 |            9.5 |        0.02 |     13.775281558878088 |       2213594362.1178656 | 1.2950441693334597e-17 |  4.344346370536514e-18 |
|     5.12 |     1.0 |     0.4 |           9.75 |        0.02 |      24.49629956364178 |        3936389276.332443 |  2.302950381416651e-17 |  7.725461700802405e-18 |
|     5.12 |     1.0 |     0.4 |           10.0 |        0.02 |      43.56126513616963 |             7000000000.0 |  4.095289245614514e-17 |  1.373802947558119e-17 |
|     5.12 |     1.0 |     0.4 |          10.25 |        0.02 |      77.46410086689681 |       12447955870.272459 |  7.282568543630125e-17 |  2.443005495093386e-17 |
|     5.12 |     1.0 |     0.4 |           10.5 |        0.02 |      137.7528155887809 |       22135943621.178654 | 1.2950441693334603e-16 |  4.344346370536516e-17 |
|     5.12 |     1.0 |     0.4 |          10.75 |        0.02 |     244.96299563641782 |        39363892763.32443 | 2.3029503814166525e-16 |  7.725461700802409e-17 |
|     5.12 |     1.0 |     0.4 |           11.0 |        0.02 |      435.6126513616963 |            70000000000.0 |  4.095289245614519e-16 |  1.373802947558121e-16 |
|     5.12 |     1.0 |     0.4 |          11.25 |        0.02 |      774.6410086689683 |       124479558702.72458 |   7.28256854363013e-16 | 2.4430054950933887e-16 |
|     5.12 |     1.0 |     0.5 |            8.0 |        0.02 |     0.3361993867092269 |               70000000.0 |  3.165466330666754e-19 |  1.061763914191313e-19 |
|     5.12 |     1.0 |     0.5 |           8.25 |        0.02 |     0.5978564470527317 |       124479558.70272458 |  5.629083598996153e-19 | 1.8881129069287464e-19 |
|     5.12 |     1.0 |     0.5 |            8.5 |        0.02 |     1.0631558099528982 |       221359436.21178657 |  1.001008346148266e-18 |  3.357592306220128e-19 |
|     5.12 |     1.0 |     0.5 |           8.75 |        0.02 |      1.890588086502493 |       393638927.63324434 | 1.7800725312325754e-18 |  5.970737265456352e-19 |
|     5.12 |     1.0 |     0.5 |            9.0 |        0.02 |     3.3619938670922696 |              700000000.0 | 3.1654663306667566e-18 | 1.0617639141913134e-18 |
|     5.12 |     1.0 |     0.5 |           9.25 |        0.02 |      5.978564470527317 |       1244795587.0272458 | 5.6290835989961525e-18 | 1.8881129069287465e-18 |
|     5.12 |     1.0 |     0.5 |            9.5 |        0.02 |     10.631558099528982 |       2213594362.1178656 | 1.0010083461482655e-17 | 3.3575923062201265e-18 |
|     5.12 |     1.0 |     0.5 |           9.75 |        0.02 |      18.90588086502493 |        3936389276.332443 | 1.7800725312325757e-17 |  5.970737265456354e-18 |
|     5.12 |     1.0 |     0.5 |           10.0 |        0.02 |     33.619938670922686 |             7000000000.0 |  3.165466330666752e-17 | 1.0617639141913125e-17 |
|     5.12 |     1.0 |     0.5 |          10.25 |        0.02 |      59.78564470527317 |       12447955870.272459 |   5.62908359899615e-17 | 1.8881129069287453e-17 |
|     5.12 |     1.0 |     0.5 |           10.5 |        0.02 |      106.3155809952898 |       22135943621.178654 | 1.0010083461482653e-16 |  3.357592306220126e-17 |
|     5.12 |     1.0 |     0.5 |          10.75 |        0.02 |     189.05880865024926 |        39363892763.32443 | 1.7800725312325744e-16 |   5.97073726545635e-17 |
|     5.12 |     1.0 |     0.5 |           11.0 |        0.02 |     336.19938670922687 |            70000000000.0 | 3.1654663306667537e-16 | 1.0617639141913126e-16 |
|     5.12 |     1.0 |     0.5 |          11.25 |        0.02 |      597.8564470527317 |       124479558702.72458 |  5.629083598996151e-16 | 1.8881129069287452e-16 |
|     5.12 |     1.0 |     0.8 |            8.0 |        0.02 |    0.18799601787637693 |               70000000.0 |  1.774095650310843e-19 |  5.949673915028004e-20 |
|     5.12 |     1.0 |     0.8 |           8.25 |        0.02 |    0.33430944775887034 |       124479558.70272458 | 3.1548377663873866e-19 | 1.0580182619539964e-19 |
|     5.12 |     1.0 |     0.8 |            8.5 |        0.02 |     0.5944956075310821 |       221359436.21178657 |  5.610183041979873e-19 |   1.88145209067796e-19 |
|     5.12 |     1.0 |     0.8 |           8.75 |        0.02 |     1.0571792982311037 |       393638927.63324434 |   9.97647299010234e-19 |  3.345747513827301e-19 |
|     5.12 |     1.0 |     0.8 |            9.0 |        0.02 |     1.8799601787637694 |              700000000.0 | 1.7740956503108426e-18 |  5.949673915028002e-19 |
|     5.12 |     1.0 |     0.8 |           9.25 |        0.02 |      3.343094477588703 |       1244795587.0272458 | 3.1548377663873862e-18 | 1.0580182619539968e-18 |
|     5.12 |     1.0 |     0.8 |            9.5 |        0.02 |       5.94495607531082 |       2213594362.1178656 |  5.610183041979871e-18 | 1.8814520906779594e-18 |
|     5.12 |     1.0 |     0.8 |           9.75 |        0.02 |     10.571792982311036 |        3936389276.332443 |   9.97647299010234e-18 |    3.3457475138273e-18 |
|     5.12 |     1.0 |     0.8 |           10.0 |        0.02 |      18.79960178763769 |             7000000000.0 | 1.7740956503108434e-17 |  5.949673915028002e-18 |
|     5.12 |     1.0 |     0.8 |          10.25 |        0.02 |     33.430944775887035 |       12447955870.272459 | 3.1548377663873834e-17 | 1.0580182619539959e-17 |
|     5.12 |     1.0 |     0.8 |           10.5 |        0.02 |      59.44956075310821 |       22135943621.178654 |  5.610183041979875e-17 | 1.8814520906779597e-17 |
|     5.12 |     1.0 |     0.8 |          10.75 |        0.02 |     105.71792982311035 |        39363892763.32443 |  9.976472990102338e-17 |  3.345747513827299e-17 |
|     5.12 |     1.0 |     0.8 |           11.0 |        0.02 |     187.99601787637695 |            70000000000.0 |  1.774095650310843e-16 |  5.949673915028003e-17 |
|     5.12 |     1.0 |     0.8 |          11.25 |        0.02 |     334.30944775887036 |       124479558702.72458 |  3.154837766387387e-16 | 1.0580182619539966e-16 |
|     5.12 |     1.0 |     1.0 |            8.0 |        0.02 |    0.13922111911773338 |               70000000.0 | 1.3148215062950585e-19 | 4.4091847230423504e-20 |
|     5.12 |     1.0 |     1.0 |           8.25 |        0.02 |     0.2475740495696415 |       124479558.70272458 |  2.338120012520865e-19 |  7.840762408044385e-20 |
|     5.12 |     1.0 |     1.0 |            8.5 |        0.02 |     0.4402558348096492 |       221359436.21178657 | 4.1578306764657984e-19 |  1.394306634923252e-19 |
|     5.12 |     1.0 |     1.0 |           8.75 |        0.02 |     0.7828978861914964 |       393638927.63324434 |  7.393784682387336e-19 |  2.479466780164677e-19 |
|     5.12 |     1.0 |     1.0 |            9.0 |        0.02 |     1.3922111911773338 |              700000000.0 | 1.3148215062950579e-18 |  4.409184723042349e-19 |
|     5.12 |     1.0 |     1.0 |           9.25 |        0.02 |      2.475740495696415 |       1244795587.0272458 | 2.3381200125208625e-18 |   7.84076240804438e-19 |
|     5.12 |     1.0 |     1.0 |            9.5 |        0.02 |      4.402558348096492 |       2213594362.1178656 |  4.157830676465799e-18 | 1.3943066349232526e-18 |
|     5.12 |     1.0 |     1.0 |           9.75 |        0.02 |      7.828978861914964 |        3936389276.332443 |  7.393784682387338e-18 | 2.4794667801646773e-18 |
|     5.12 |     1.0 |     1.0 |           10.0 |        0.02 |     13.922111911773339 |             7000000000.0 | 1.3148215062950577e-17 |  4.409184723042347e-18 |
|     5.12 |     1.0 |     1.0 |          10.25 |        0.02 |      24.75740495696415 |       12447955870.272459 | 2.3381200125208625e-17 |  7.840762408044379e-18 |
|     5.12 |     1.0 |     1.0 |           10.5 |        0.02 |      44.02558348096491 |       22135943621.178654 |  4.157830676465801e-17 | 1.3943066349232524e-17 |
|     5.12 |     1.0 |     1.0 |          10.75 |        0.02 |      78.28978861914963 |        39363892763.32443 |  7.393784682387335e-17 | 2.4794667801646758e-17 |
|     5.12 |     1.0 |     1.0 |           11.0 |        0.02 |     139.22111911773337 |            70000000000.0 | 1.3148215062950573e-16 | 4.4091847230423486e-17 |
|     5.12 |     1.0 |     1.0 |          11.25 |        0.02 |     247.57404956964152 |       124479558702.72458 |  2.338120012520864e-16 |  7.840762408044382e-17 |
|     5.12 |     3.0 |    0.01 |            8.0 |        0.02 |     19.977783952545465 |               70000000.0 | 1.3334930453422233e-17 |  4.613683912997188e-18 |
|     5.12 |     3.0 |    0.01 |           8.25 |        0.02 |      35.52608186101761 |       124479558.70272458 | 2.3713232259621773e-17 |  8.204419106910714e-18 |
|     5.12 |     3.0 |    0.01 |            8.5 |        0.02 |      63.17529989280488 |       221359436.21178657 | 4.2168752672756107e-17 |  1.458974956914924e-17 |
|     5.12 |     3.0 |    0.01 |           8.75 |        0.02 |     112.34333502240908 |       393638927.63324434 |  7.498782462498607e-17 | 2.5944651256442362e-17 |
|     5.12 |     3.0 |    0.01 |            9.0 |        0.02 |     199.77783952545468 |              700000000.0 | 1.3334930453422224e-16 |  4.613683912997185e-17 |
|     5.12 |     3.0 |    0.01 |           9.25 |        0.02 |     355.26081861017605 |       1244795587.0272458 |  2.371323225962175e-16 |  8.204419106910707e-17 |
|     5.12 |     3.0 |    0.01 |            9.5 |        0.02 |      631.7529989280487 |       2213594362.1178656 |  4.216875267275617e-16 | 1.4589749569149261e-16 |
|     5.12 |     3.0 |    0.01 |           9.75 |        0.02 |     1123.4333502240909 |        3936389276.332443 |  7.498782462498602e-16 |  2.594465125644235e-16 |
|     5.12 |     3.0 |    0.01 |           10.0 |        0.02 |     1997.7783952545465 |             7000000000.0 |  1.333493045342224e-15 |  4.613683912997192e-16 |
|     5.12 |     3.0 |    0.01 |          10.25 |        0.02 |      3552.608186101761 |       12447955870.272459 |  2.371323225962177e-15 |  8.204419106910718e-16 |
|     5.12 |     3.0 |    0.01 |           10.5 |        0.02 |      6317.529989280486 |       22135943621.178654 | 4.2168752672756106e-15 | 1.4589749569149234e-15 |
|     5.12 |     3.0 |    0.01 |          10.75 |        0.02 |     11234.333502240906 |        39363892763.32443 |    7.4987824624986e-15 | 2.5944651256442345e-15 |
|     5.12 |     3.0 |    0.01 |           11.0 |        0.02 |     19977.783952545466 |            70000000000.0 | 1.3334930453422232e-14 |  4.613683912997189e-15 |
|     5.12 |     3.0 |    0.01 |          11.25 |        0.02 |      35526.08186101761 |       124479558702.72458 |  2.371323225962175e-14 |  8.204419106910707e-15 |
|     5.12 |     3.0 |     0.1 |            8.0 |        0.02 |     1.9778396429633662 |               70000000.0 |  1.813613462651846e-18 |  6.095494120012025e-19 |
|     5.12 |     3.0 |     0.1 |           8.25 |        0.02 |     3.5171515134404885 |       124479558.70272458 |  3.225111478403174e-18 | 1.0839491687630706e-18 |
|     5.12 |     3.0 |     0.1 |            8.5 |        0.02 |      6.254478118338457 |       221359436.21178657 |  5.735149337124557e-18 | 1.9275644883401748e-18 |
|     5.12 |     3.0 |     0.1 |           8.75 |        0.02 |     11.122209658380264 |       393638927.63324434 | 1.0198697979706977e-17 | 3.4277482411375443e-18 |
|     5.12 |     3.0 |     0.1 |            9.0 |        0.02 |     19.778396429633663 |              700000000.0 |  1.813613462651847e-17 |  6.095494120012026e-18 |
|     5.12 |     3.0 |     0.1 |           9.25 |        0.02 |      35.17151513440489 |       1244795587.0272458 | 3.2251114784031735e-17 | 1.0839491687630707e-17 |
|     5.12 |     3.0 |     0.1 |            9.5 |        0.02 |     62.544781183384565 |       2213594362.1178656 |  5.735149337124556e-17 | 1.9275644883401743e-17 |
|     5.12 |     3.0 |     0.1 |           9.75 |        0.02 |     111.22209658380264 |        3936389276.332443 | 1.0198697979706971e-16 |  3.427748241137543e-17 |
|     5.12 |     3.0 |     0.1 |           10.0 |        0.02 |     197.78396429633665 |             7000000000.0 | 1.8136134626518472e-16 |  6.095494120012027e-17 |
|     5.12 |     3.0 |     0.1 |          10.25 |        0.02 |      351.7151513440489 |       12447955870.272459 | 3.2251114784031743e-16 | 1.0839491687630708e-16 |
|     5.12 |     3.0 |     0.1 |           10.5 |        0.02 |      625.4478118338457 |       22135943621.178654 |  5.735149337124558e-16 | 1.9275644883401756e-16 |
|     5.12 |     3.0 |     0.1 |          10.75 |        0.02 |     1112.2209658380264 |        39363892763.32443 | 1.0198697979706967e-15 |  3.427748241137542e-16 |
|     5.12 |     3.0 |     0.1 |           11.0 |        0.02 |     1977.8396429633663 |            70000000000.0 | 1.8136134626518467e-15 |  6.095494120012025e-16 |
|     5.12 |     3.0 |     0.1 |          11.25 |        0.02 |     3517.1515134404885 |       124479558702.72458 |  3.225111478403176e-15 | 1.0839491687630714e-15 |
|     5.12 |     3.0 |     0.2 |            8.0 |        0.02 |     0.9779017801680627 |               70000000.0 |  9.105581123410145e-19 |  3.056761850425009e-19 |
|     5.12 |     3.0 |     0.2 |           8.25 |        0.02 |     1.7389826007132747 |       124479558.70272458 | 1.6192267428199343e-18 |  5.435776660003271e-19 |
|     5.12 |     3.0 |     0.2 |            8.5 |        0.02 |      3.092396953264354 |       221359436.21178657 | 2.8794375769410785e-18 |  9.666329712053964e-19 |
|     5.12 |     3.0 |     0.2 |           8.75 |        0.02 |      5.499145829657099 |       393638927.63324434 |  5.120444555566686e-18 | 1.7189435097593025e-18 |
|     5.12 |     3.0 |     0.2 |            9.0 |        0.02 |      9.779017801680627 |              700000000.0 |  9.105581123410141e-18 |  3.056761850425009e-18 |
|     5.12 |     3.0 |     0.2 |           9.25 |        0.02 |     17.389826007132747 |       1244795587.0272458 | 1.6192267428199347e-17 |  5.435776660003272e-18 |
|     5.12 |     3.0 |     0.2 |            9.5 |        0.02 |     30.923969532643543 |       2213594362.1178656 | 2.8794375769410766e-17 |  9.666329712053955e-18 |
|     5.12 |     3.0 |     0.2 |           9.75 |        0.02 |      54.99145829657098 |        3936389276.332443 |  5.120444555566684e-17 |  1.718943509759302e-17 |
|     5.12 |     3.0 |     0.2 |           10.0 |        0.02 |      97.79017801680628 |             7000000000.0 |  9.105581123410143e-17 | 3.0567618504250094e-17 |
|     5.12 |     3.0 |     0.2 |          10.25 |        0.02 |      173.8982600713275 |       12447955870.272459 |  1.619226742819934e-16 |  5.435776660003271e-17 |
|     5.12 |     3.0 |     0.2 |           10.5 |        0.02 |      309.2396953264354 |       22135943621.178654 | 2.8794375769410787e-16 |  9.666329712053959e-17 |
|     5.12 |     3.0 |     0.2 |          10.75 |        0.02 |      549.9145829657099 |        39363892763.32443 |  5.120444555566684e-16 |  1.718943509759302e-16 |
|     5.12 |     3.0 |     0.2 |           11.0 |        0.02 |      977.9017801680627 |            70000000000.0 |  9.105581123410144e-16 | 3.0567618504250093e-16 |
|     5.12 |     3.0 |     0.2 |          11.25 |        0.02 |      1738.982600713275 |       124479558702.72458 | 1.6192267428199327e-15 |  5.435776660003265e-16 |
|     5.12 |     3.0 |     0.3 |            8.0 |        0.02 |     0.6446308536643959 |               70000000.0 |  6.032927872268871e-19 |  2.024488470220459e-19 |
|     5.12 |     3.0 |     0.3 |           8.25 |        0.02 |     1.1463337741472093 |       124479558.70272458 | 1.0728231417505664e-18 |  3.600106162454238e-19 |
|     5.12 |     3.0 |     0.3 |            8.5 |        0.02 |     2.0385017475981915 |       221359436.21178657 | 1.9077793035883005e-18 |  6.401994662646615e-19 |
|     5.12 |     3.0 |     0.3 |           8.75 |        0.02 |     3.6250256850822247 |       393638927.63324434 |  3.392564654469471e-18 | 1.1384535291763558e-18 |
|     5.12 |     3.0 |     0.3 |            9.0 |        0.02 |       6.44630853664396 |              700000000.0 |  6.032927872268869e-18 | 2.0244884702204586e-18 |
|     5.12 |     3.0 |     0.3 |           9.25 |        0.02 |     11.463337741472094 |       1244795587.0272458 | 1.0728231417505663e-17 | 3.6001061624542384e-18 |
|     5.12 |     3.0 |     0.3 |            9.5 |        0.02 |      20.38501747598191 |       2213594362.1178656 | 1.9077793035883012e-17 |  6.401994662646614e-18 |
|     5.12 |     3.0 |     0.3 |           9.75 |        0.02 |     36.250256850822254 |        3936389276.332443 |   3.39256465446947e-17 | 1.1384535291763553e-17 |
|     5.12 |     3.0 |     0.3 |           10.0 |        0.02 |       64.4630853664396 |             7000000000.0 |  6.032927872268875e-17 | 2.0244884702204597e-17 |
|     5.12 |     3.0 |     0.3 |          10.25 |        0.02 |     114.63337741472095 |       12447955870.272459 |  1.072823141750567e-16 | 3.6001061624542406e-17 |
|     5.12 |     3.0 |     0.3 |           10.5 |        0.02 |      203.8501747598191 |       22135943621.178654 | 1.9077793035883012e-16 |  6.401994662646615e-17 |
|     5.12 |     3.0 |     0.3 |          10.75 |        0.02 |      362.5025685082224 |        39363892763.32443 |   3.39256465446947e-16 |  1.138453529176355e-16 |
|     5.12 |     3.0 |     0.3 |           11.0 |        0.02 |       644.630853664396 |            70000000000.0 |  6.032927872268869e-16 | 2.0244884702204582e-16 |
|     5.12 |     3.0 |     0.3 |          11.25 |        0.02 |     1146.3337741472092 |       124479558702.72458 | 1.0728231417505655e-15 | 3.6001061624542357e-16 |
|     5.12 |     3.0 |     0.4 |            8.0 |        0.02 |      0.478026860984229 |               70000000.0 |  4.485049595461081e-19 | 1.5047752953484128e-19 |
|     5.12 |     3.0 |     0.4 |           8.25 |        0.02 |     0.8500653243337928 |       124479558.70272458 |  7.975671348611839e-19 |  2.675910924453321e-19 |
|     5.12 |     3.0 |     0.4 |            8.5 |        0.02 |     1.5116536634508428 |       221359436.21178657 | 1.4182972140473813e-18 |  4.758517300053565e-19 |
|     5.12 |     3.0 |     0.4 |           8.75 |        0.02 |     2.6881425848245417 |       393638927.63324434 | 2.5221287330560236e-18 |  8.461973336999254e-19 |
|     5.12 |     3.0 |     0.4 |            9.0 |        0.02 |       4.78026860984229 |              700000000.0 |  4.485049595461082e-18 |  1.504775295348413e-18 |
|     5.12 |     3.0 |     0.4 |           9.25 |        0.02 |       8.50065324333793 |       1244795587.0272458 |   7.97567134861184e-18 | 2.6759109244533204e-18 |
|     5.12 |     3.0 |     0.4 |            9.5 |        0.02 |     15.116536634508428 |       2213594362.1178656 | 1.4182972140473818e-17 |  4.758517300053565e-18 |
|     5.12 |     3.0 |     0.4 |           9.75 |        0.02 |     26.881425848245414 |        3936389276.332443 |  2.522128733056024e-17 |  8.461973336999255e-18 |
|     5.12 |     3.0 |     0.4 |           10.0 |        0.02 |       47.8026860984229 |             7000000000.0 | 4.4850495954610825e-17 | 1.5047752953484133e-17 |
|     5.12 |     3.0 |     0.4 |          10.25 |        0.02 |       85.0065324333793 |       12447955870.272459 |   7.97567134861184e-17 | 2.6759109244533213e-17 |
|     5.12 |     3.0 |     0.4 |           10.5 |        0.02 |      151.1653663450843 |       22135943621.178654 |  1.418297214047381e-16 |  4.758517300053562e-17 |
|     5.12 |     3.0 |     0.4 |          10.75 |        0.02 |      268.8142584824541 |        39363892763.32443 | 2.5221287330560225e-16 |  8.461973336999248e-17 |
|     5.12 |     3.0 |     0.4 |           11.0 |        0.02 |       478.026860984229 |            70000000000.0 |  4.485049595461083e-16 | 1.5047752953484135e-16 |
|     5.12 |     3.0 |     0.4 |          11.25 |        0.02 |       850.065324333793 |       124479558702.72458 |   7.97567134861184e-16 |  2.675910924453321e-16 |
|     5.12 |     3.0 |     0.5 |            8.0 |        0.02 |     0.3780897995870824 |               70000000.0 |  3.552762667672498e-19 | 1.1918487063705348e-19 |
|     5.12 |     3.0 |     0.5 |           8.25 |        0.02 |     0.6723493057514515 |       124479558.70272458 |  6.317804700676958e-19 | 2.1194400144202483e-19 |
|     5.12 |     3.0 |     0.5 |            8.5 |        0.02 |     1.1956249267717705 |       221359436.21178657 |  1.123482201586096e-18 | 3.7689565384561277e-19 |
|     5.12 |     3.0 |     0.5 |           8.75 |        0.02 |     2.1261551894075343 |       393638927.63324434 | 1.9978652666257505e-18 |  6.702257809668093e-19 |
|     5.12 |     3.0 |     0.5 |            9.0 |        0.02 |      3.780897995870824 |              700000000.0 | 3.5527626676724985e-18 | 1.1918487063705358e-18 |
|     5.12 |     3.0 |     0.5 |           9.25 |        0.02 |     6.7234930575145135 |       1244795587.0272458 |  6.317804700676957e-18 |  2.119440014420248e-18 |
|     5.12 |     3.0 |     0.5 |            9.5 |        0.02 |     11.956249267717705 |       2213594362.1178656 | 1.1234822015860951e-17 | 3.7689565384561234e-18 |
|     5.12 |     3.0 |     0.5 |           9.75 |        0.02 |     21.261551894075343 |        3936389276.332443 | 1.9978652666257526e-17 |  6.702257809668101e-18 |
|     5.12 |     3.0 |     0.5 |           10.0 |        0.02 |     37.808979958708235 |             7000000000.0 |  3.552762667672496e-17 | 1.1918487063705347e-17 |
|     5.12 |     3.0 |     0.5 |          10.25 |        0.02 |      67.23493057514514 |       12447955870.272459 |  6.317804700676954e-17 | 2.1194400144202466e-17 |
|     5.12 |     3.0 |     0.5 |           10.5 |        0.02 |     119.56249267717705 |       22135943621.178654 | 1.1234822015860945e-16 |  3.768956538456122e-17 |
|     5.12 |     3.0 |     0.5 |          10.75 |        0.02 |     212.61551894075342 |        39363892763.32443 |  1.997865266625752e-16 |  6.702257809668097e-17 |
|     5.12 |     3.0 |     0.5 |           11.0 |        0.02 |      378.0897995870824 |            70000000000.0 | 3.5527626676724984e-16 |  1.191848706370535e-16 |
|     5.12 |     3.0 |     0.5 |          11.25 |        0.02 |      672.3493057514514 |       124479558702.72458 |  6.317804700676959e-16 | 2.1194400144202484e-16 |
|     5.12 |     3.0 |     0.8 |            8.0 |        0.02 |     0.2282801766007249 |               70000000.0 | 2.1499368959738452e-19 |  7.211186218897531e-20 |
|     5.12 |     3.0 |     0.8 |           8.25 |        0.02 |    0.40594593776911814 |       124479558.70272458 | 3.8231885149932794e-19 | 1.2823503975021903e-19 |
|     5.12 |     3.0 |     0.8 |            8.5 |        0.02 |     0.7218853027237648 |       221359436.21178657 |   6.79869741690983e-19 |  2.280377308333373e-19 |
|     5.12 |     3.0 |     0.8 |           8.75 |        0.02 |     1.2837137702433858 |       393638927.63324434 | 1.2089983631575562e-18 |  4.055148014529218e-19 |
|     5.12 |     3.0 |     0.8 |            9.0 |        0.02 |      2.282801766007249 |              700000000.0 | 2.1499368959738442e-18 |  7.211186218897531e-19 |
|     5.12 |     3.0 |     0.8 |           9.25 |        0.02 |      4.059459377691182 |       1244795587.0272458 | 3.8231885149932814e-18 | 1.2823503975021914e-18 |
|     5.12 |     3.0 |     0.8 |            9.5 |        0.02 |      7.218853027237647 |       2213594362.1178656 |  6.798697416909832e-18 | 2.2803773083333733e-18 |
|     5.12 |     3.0 |     0.8 |           9.75 |        0.02 |     12.837137702433857 |        3936389276.332443 | 1.2089983631575573e-17 |  4.055148014529219e-18 |
|     5.12 |     3.0 |     0.8 |           10.0 |        0.02 |      22.82801766007249 |             7000000000.0 | 2.1499368959738422e-17 |  7.211186218897524e-18 |
|     5.12 |     3.0 |     0.8 |          10.25 |        0.02 |      40.59459377691182 |       12447955870.272459 | 3.8231885149932796e-17 | 1.2823503975021908e-17 |
|     5.12 |     3.0 |     0.8 |           10.5 |        0.02 |      72.18853027237647 |       22135943621.178654 |   6.79869741690983e-17 | 2.2803773083333726e-17 |
|     5.12 |     3.0 |     0.8 |          10.75 |        0.02 |     128.37137702433856 |        39363892763.32443 | 1.2089983631575566e-16 | 4.0551480145292185e-17 |
|     5.12 |     3.0 |     0.8 |           11.0 |        0.02 |     228.28017660072487 |            70000000000.0 | 2.1499368959738445e-16 |  7.211186218897532e-17 |
|     5.12 |     3.0 |     0.8 |          11.25 |        0.02 |     405.94593776911825 |       124479558702.72458 |   3.82318851499328e-16 |  1.282350397502191e-16 |
|     5.12 |     3.0 |     1.0 |            8.0 |        0.02 |     0.1784083678551618 |               70000000.0 | 1.6815276187031283e-19 |  5.639757487528643e-20 |
|     5.12 |     3.0 |     1.0 |           8.25 |        0.02 |    0.31725992713548423 |       124479558.70272458 | 2.9902259417515554e-19 | 1.0029064617685038e-19 |
|     5.12 |     3.0 |     1.0 |            8.5 |        0.02 |     0.5641767960554804 |       221359436.21178657 |  5.317457223581034e-19 | 1.7834479111579177e-19 |
|     5.12 |     3.0 |     1.0 |           8.75 |        0.02 |     1.0032639800471896 |       393638927.63324434 |  9.455924694456892e-19 | 3.1714686992890514e-19 |
|     5.12 |     3.0 |     1.0 |            9.0 |        0.02 |     1.7840836785516176 |              700000000.0 | 1.6815276187031282e-18 |  5.639757487528645e-19 |
|     5.12 |     3.0 |     1.0 |           9.25 |        0.02 |     3.1725992713548425 |       1244795587.0272458 |  2.990225941751551e-18 | 1.0029064617685026e-18 |
|     5.12 |     3.0 |     1.0 |            9.5 |        0.02 |      5.641767960554805 |       2213594362.1178656 |  5.317457223581034e-18 | 1.7834479111579172e-18 |
|     5.12 |     3.0 |     1.0 |           9.75 |        0.02 |     10.032639800471895 |        3936389276.332443 |  9.455924694456891e-18 | 3.1714686992890507e-18 |
|     5.12 |     3.0 |     1.0 |           10.0 |        0.02 |     17.840836785516178 |             7000000000.0 | 1.6815276187031294e-17 |  5.639757487528648e-18 |
|     5.12 |     3.0 |     1.0 |          10.25 |        0.02 |      31.72599271354842 |       12447955870.272459 | 2.9902259417515544e-17 | 1.0029064617685037e-17 |
|     5.12 |     3.0 |     1.0 |           10.5 |        0.02 |      56.41767960554805 |       22135943621.178654 |  5.317457223581031e-17 |  1.783447911157916e-17 |
|     5.12 |     3.0 |     1.0 |          10.75 |        0.02 |     100.32639800471894 |        39363892763.32443 |  9.455924694456882e-17 |  3.171468699289046e-17 |
|     5.12 |     3.0 |     1.0 |           11.0 |        0.02 |     178.40836785516177 |            70000000000.0 | 1.6815276187031279e-16 |  5.639757487528644e-17 |
|     5.12 |     3.0 |     1.0 |          11.25 |        0.02 |      317.2599271354842 |       124479558702.72458 |  2.990225941751554e-16 | 1.0029064617685036e-16 |
