QSOs|J131746.92+001722.2|6.94 |-24.80|0.07|Lyalpha           | | 43|  3| | 1300| 300|44.45|0.01
QSOs|J134905.63+015608.9|6.94 |-24.83|0.06|Lyalpha           | | 20|  1| | 1100| 100|44.15|0.01
QSOs|J021430.90+023240.4|6.85 |-25.35|0.04|Lyalpha           | |  9|  2| | 6300|2100|44.00|0.08
QSOs|J131050.13-005054.1|6.82 |-24.67|0.10|Lyalpha           | | 13|  3| | 4100|1900|43.89|0.08
QSOs|J131050.13-005054.1|6.82 |-24.67|0.10|N V               | |  4|  1| |  990| 470|43.42|0.08
QSOs|J021847.04+000715.0|6.78 |-25.73|0.02|Lyalpha           | | 27|  2| |16000|5000|44.60|0.03
QSOs|J133833.25-001832.9|6.70 |-23.99|0.07|Lyalpha           | | 24|  3| | 1300| 500|43.87|0.04
QSOs|J113034.65+045013.1|6.68 |-23.94|0.10|Lyalpha           | | 25|  4| | 2100|1400|43.86|0.07
QSOs|J225209.17+040243.8|6.67 |-24.02|0.09|Lyalpha           | | 12|  1|<|  230|    |43.48|0.03
QSOs|J091041.14+005646.3|6.65 |-24.55|0.05|Lyalpha           | | 31|  2| | 1300|1400|44.21|0.03
QSOs|J103537.74+032435.7|6.63 |-24.51|0.08|Lyalpha           | | 21|  4| | 7400| 800|44.02|0.08
QSOs|J145005.39-014438.9|6.63 |-23.73|0.09|Lyalpha           | | 12|  1| |  900| 300|43.48|0.04
QSOs|J102314.45-004447.9|6.63 |-24.47|0.08|Lyalpha           | | 33|  5| | 4000|2200|44.19|0.06
QSOs|J091906.33+051235.3|6.62 |-23.98|0.19|Lyalpha           | | 46| 12| | 6800|1900|44.14|0.08
QSOs|J111427.15+021517.6|6.55 |-24.75|0.08|Lyalpha           | | 35|  4| | 9000| 300|44.32|0.05
QSOs|J144045.91+001912.9|6.55 |-23.23|0.13|Lyalpha           | |  7|  2| | 1600| 600|43.05|0.08
QSOs|J110327.65+022947.2|6.49 |-24.18|0.07|Lyalpha           | | 52|  6| | 5400|7100|44.27|0.04
QSOs|J132539.95+441559.0|6.45 |-25.95|0.17|Lyalpha           | | 78| 14| | 7500|4100|45.17|0.03
QSOs|J132352.02-013941.4|6.44 |-24.62|0.04|Lyalpha           | | 36|  2| | 6800|1800|44.29|0.02
QSOs|J110423.75+024708.6|6.41 |-24.06|0.08|Lyalpha           | | 41|  4| | 1800| 800|44.12|0.04
QSOs|J140617.42+433033.2|6.39 |-23.75|0.17|Lyalpha           | | 48| 11| | 9900| 100|44.07|0.07
QSOs|J105131.80-015159.0|6.34 |-23.41|0.11|Lyalpha           | | 24|  4| | 2800|2200|43.62|0.06
QSOs|J133206.46-011325.7|6.31 |-25.03|0.07|Lyalpha           | | 48|  5| | 6000|5000|44.57|0.03
QSOs|J093830.24+015405.8|6.31 |-22.91|0.15|Lyalpha           | | 70| 12| |  300| 360|43.90|0.05
QSOs|J122331.91+025721.5|6.27 |-24.26|0.26|                  | |   |   | |     |    |     |    
QSOs|J012235.47-003602.4|6.26 |-25.08|0.09|Lyalpha           | |120| 10| | 2000|1600|45.00|0.02
QSOs|J001650.69+034154.1|6.26 |-23.64|0.09|Lyalpha           | | 33|  5| | 4600| 300|43.86|0.06
QSOs|J094713.88+034939.8|6.25 |-22.77|0.14|Lyalpha           | |150| 20| |  750| 350|44.19|0.01
QSOs|J104320.45+013104.7|6.25 |-24.19|0.07|                  | |   |   | |     |    |     |    
QSOs|J104311.09+011913.6|6.23 |-22.73|0.27|Lyalpha           | | 81| 22| | 3200|1000|43.90|0.04
QSOs|J132700.35+014147.7|6.23 |-23.36|0.15|Lyalpha           | | 33|  8| | 5100| 800|43.76|0.08
QSOs|J125845.66-004757.5|6.22 |-22.99|0.11|Lyalpha           | | 34|  7| |  220| 150|43.70|0.03
QSOs|J084422.57+042353.7|6.21 |-23.55|0.05|Lyalpha           | |105|  5| |  590|  70|44.34|0.01
QSOs|J104429.18+010207.1|6.20 |-23.29|0.07|Lyalpha           | | 11|  2| |  370| 420|43.16|0.08
QSOs|J104740.91+041724.3|6.19 |-23.43|0.07|Lyalpha           | | 52|  6| | 7900|2800|43.97|0.04
QSOs|J102047.40+042946.7|6.18 |-25.36|0.02|Lyalpha           | | 14|  1| | 6400| 900|44.18|0.04
QSOs|J093551.64+034847.2|6.16 |-24.53|0.03|Lyalpha           | | 24|  2| | 4600| 600|44.08|0.03
QSOs|J115924.01+020041.8|6.15 |-22.31|0.12|Lyalpha           | | 57|  7| |  810| 460|43.58|0.02
QSOs|J011224.59-011557.3|6.14 |-23.83|0.05|Lyalpha           | | 98|  7| |12600|7700|44.39|0.02
QSOs|J022223.74+024535.0|6.14 |-24.91|0.04|Lyalpha           | | 78|  4| | 1100|3800|44.74|0.01
QSOs|J112746.08+022231.5|6.13 |-23.22|0.09|Lyalpha           | | 21|  3| | 4200| 400|43.52|0.06
QSOs|J095139.01+021952.0|6.12 |-21.53|0.77|Lyalpha           | |340|240| | 1400| 700|44.04|0.02
QSOs|J001247.71+033716.9|6.12 |-25.14|0.06|Lyalpha           | | 97| 33| | 1300| 500|44.72|0.03
QSOs|J233429.70+050217.0|6.12 |-25.15|0.02|Lyalpha           | | 38|  2| | 3100| 500|44.53|0.02
QSOs|J002334.65+034223.2|6.12 |-24.00|0.04|Lyalpha           | | 29|  3| | 7300| 300|43.96|0.04
QSOs|J103734.52+003750.8|6.11 |-22.93|0.06|Lyalpha           | | 97|  6| |  820| 250|44.05|0.01
QSOs|J102841.66+001755.9|6.10 |-24.94|0.02|Lyalpha           | | 14|  2| |14100|1700|44.00|0.05
QSOs|J110248.67-010550.9|6.07 |-24.00|0.05|Lyalpha           | | 72|  5| | 4900|2500|44.34|0.02
QSOs|J111027.01+022800.7|6.07 |-23.56|0.09|Lyalpha           | | 84|  9| |11000|2900|44.23|0.03
QSOs|J145520.26+031833.0|6.06 |-23.82|0.05|Lyalpha           | | 43|  3| | 5600|1100|44.04|0.03
QSOs|J110756.01-011819.0|6.06 |-25.11|0.08|                  | |   |   | |     |    |     |    
QSOs|J020415.74+001534.5|6.05 |-24.16|0.03|Lyalpha           | | 16|  2| |  610|  80|43.76|0.05
QSOs|J132308.18+012619.2|6.03 |-22.96|0.09|Lyalpha           | |  7|  1| | 1400| 200|42.95|0.08
QSOs|J010718.87+002724.2|6.03 |-23.99|0.03|Lyalpha           | | 28|  1| | 5100| 900|43.94|0.02
QSOs|J120253.13+025630.8|6.02 |-22.78|0.14|Lyalpha           | | 28|  4| |  240| 180|43.56|0.03
QSOs|J023551.42+013932.3|6.02 |-25.58|0.02|                  | |   |   | |     |    |     |    
QSOs|J110301.66+011845.7|6.00 |-23.53|0.08|Lyalpha           | | 39| 12| | 1700| 600|43.74|0.04
QSOs|J115006.96+021131.0|6.00 |-24.57|0.07|                  | |   |   | |     |    |     |    
QSOs|J110746.24+041101.2|5.99 |-23.18|0.10|Lyalpha           | | 15|  2| |  400|  60|43.20|0.04
QSOs|J124359.03+032253.8|5.97 |-22.25|0.20|Lyalpha           | | 77| 17| | 6300| 400|43.68|0.05
QSOs|J010044.78+042211.5|5.96 |-23.73|0.05|                  | |   |   | |     |    |     |    
QSOs|J101505.59+000223.0|5.95 |-24.13|0.05|Lyalpha           | |126|  7| |15000|1200|44.62|0.01
QSOs|J091121.61+005146.1|5.94 |-23.17|0.07|Lyalpha           | | 50|  5| | 1460|  50|44.02|0.02
QSOs|J234836.96-003437.0|5.94 |-24.05|0.03|Lyalpha           | | 45|  2| |  830| 420|44.13|0.01
QSOs|J234836.96-003437.0|5.94 |-24.05|0.03|N V               | | 36|  2| | 5100|2100|44.02|0.02
QSOs|J145537.54+035929.0|5.93 |-24.40|0.05|Lyalpha           | | 47|  4| | 1900|1400|44.32|0.04
QSOs|J234901.28+005640.9|5.92 |-23.79|0.06|Lyalpha           | | 15|  3| | 8000|1100|43.60|0.07
QSOs|J131258.66+010902.1|5.90 |-23.64|0.09|Lyalpha           | | 25|  4| | 6900| 400|43.74|0.07
QSOs|J230610.54-012458.4|5.89 |-23.92|0.02|                  | |   |   | |     |    |     |    
QSOs|J102232.14+023041.9|5.89 |-24.09|0.04|Lyalpha           | | 15|  3| |11000|3500|43.68|0.08
QSOs|J131732.73+012741.6|5.88 |-24.39|0.23|                  | |   |   | |     |    |     |    
Gal |J132249.98+002849.4|6.66 |-23.69|0.07|                  | |   |   | |     |    |     |    
Gal |J102936.55+040842.6|6.21 |-24.01|0.07|                  | |   |   | |     |    |     |    
Gal |J102257.38-002608.2|6.21 |-23.15|0.07|                  | |   |   | |     |    |     |    
Gal |J103553.04-010411.1|6.09 |-22.52|0.10|                  | |   |   | |     |    |     |    
Gal |J095541.39+034025.0|5.91 |-23.05|0.09|                  | |   |   | |     |    |     |    
Gal |J022443.33-064419.3|5.69 |-23.32|0.05|Lyalpha           |>| 17|   | |  380|  20|42.99|0.03
Gal |J021834.42-000426.1|5.68 |-22.92|0.08|                  | |   |   | |     |    |     |    
OIII|J020816.31+000346.7|0.954|-22.92|0.08|Hgamma            | | 86| 14|<|  230|    |40.87|0.03
OIII|J020816.31+000346.7|0.954|-22.92|0.08|Hbeta             | |158| 35| |  220|  90|41.14|0.07
OIII|J020816.31+000346.7|0.954|-22.92|0.08|[O III] lambda4959| |271| 45|<|  230|    |41.38|0.03
OIII|J020816.31+000346.7|0.954|-22.92|0.08|[O III] lambda5007| |696|107|<|  230|    |41.78|0.02
