HSC J022013-050729 02 20 13.03 -05 07 29.7 2.169 22.7 22.7 22.6 22.3 22.4 21.7 NB387 AGN          Co11
HSC J022028-045802 02 20 28.96 -04 58 02.8 2.157 20.4 20.5 20.3 20.0 20.1 19.1 NB387 AGN          Co11, Ly20
HSC J022044-050906 02 20 44.46 -05 09 06.1 2.105 20.8 20.8 20.8 20.5 20.6 20.0 NB387 AGN          Li15, Sc18, Ly20
HSC J022120-032353 02 21 20.93 -03 23 53.5 2.183 22.6 22.5 22.4 22.2 22.3 21.2 NB387 AGN          Ly20
HSC J022121-034338 02 21 21.16 -03 43 38.1 2.176 23.1 23.2 23.0 22.7 22.7 21.9 NB387 AGN          Ly20
HSC J022202-050352 02 22 02.59 -05 03 52.0 2.161 21.6 21.6 21.6 21.3 21.5 20.4 NB387 AGN          Ly20
HSC J022219-052231 02 22 19.96 -05 22 31.5 2.204 20.4 20.3 20.3 20.0 20.1 19.3 NB387 AGN          Li15, Ly20
HSC J022230-033545 02 22 30.42 -03 35 45.4 2.172 22.1 22.4 22.1 21.7 21.9 20.0 NB387 AGN          Ly20
HSC J022312-050625 02 23 12.46 -05 06 25.1 2.190 20.1 20.1 20.1 19.9 19.9 19.1 NB387 AGN          Ly20
HSC J022349-033930 02 23 49.43 -03 39 30.6 2.141 20.9 20.8 20.8 20.5 20.7 20.0 NB387 AGN          Ly20
HSC J022351-044730 02 23 51.07 -04 47 30.0 2.167 20.7 20.6 20.6 20.3 20.4 19.6 NB387 AGN          Ly20
HSC J022435-053615 02 24 35.54 -05 36 15.6 2.217 22.0 22.0 21.9 21.6 21.7 21.1 NB387 AGN          Li15, Ly20
HSC J022548-041028 02 25 48.98 -04 10 28.4 2.124 23.8 23.7 23.5 23.1 23.1 22.5 NB387              Li15
HSC J022722-045221 02 27 22.20 -04 52 21.9 2.127 21.6 21.7 21.6 21.3 21.5 20.7 NB387 AGN          Ly20
HSC J022751-050101 02 27 51.25 -05 01 01.3 2.175 21.6 21.9 21.8 21.3 21.5 20.6 NB387 AGN          Li15, Ly20
HSC J095508+011205 09 55 08.45 +01 12 05.7 2.166 21.8 21.9 21.6 21.3 21.5 19.9 NB387 AGN          Ly20
HSC J095539+011316 09 55 39.50 +01 13 16.4 2.142 21.6 21.6 21.6 21.1 21.4 20.5 NB387 AGN          Ly20
HSC J095714+013145 09 57 14.02 +01 31 45.5 2.142 21.7 21.6 21.4 21.0 21.1 20.1 NB387 AGN          Ly20
HSC J095822+010806 09 58 22.03 +01 08 06.4 2.171 20.7 20.6 20.6 20.3 20.4 19.4 NB387 AGN          Ly20
HSC J095944+020742 09 59 44.25 +02 07 42.7 2.191 24.8 24.8 24.9 24.8 24.9 23.6 NB387              Sh14
HSC J095945+022808 09 59 45.98 +02 28 08.0 2.174 24.9 24.8 24.8 24.7 24.9 23.7 NB387              Sh14
HSC J095954+022630 09 59 54.39 +02 26 30.0 2.194 24.9 24.6 24.3 23.9 23.7 23.3 NB387              Sh14
HSC J095950+020347 09 59 50.74 +02 03 47.7 2.184 24.5 24.5 24.5 24.4 24.4 23.2 NB387              Has18
HSC J095959+020531 09 59 59.06 +02 05 31.6 2.182 25.7 25.6 25.6 25.6 25.8 24.6 NB387              Sh14
HSC J095959+020838 09 59 59.38 +02 08 38.4 2.163 24.5 24.5 24.5 24.5 24.5 22.9 NB387              Sh14
HSC J100012+021750 10 00 12.56 +02 17 50.4 2.161 24.4 24.3 24.3 24.3 24.4 23.3 NB387              Kr15
HSC J100015+020807 10 00 15.26 +02 08 07.4 2.161 24.7 24.6 24.6 24.6 24.6 23.8 NB387              Sh14
HSC J100017+030525 10 00 17.73 +03 05 25.0 2.174 20.7 20.9 20.4 20.1 20.4 18.8 NB387 AGN          Ly20
HSC J100025+022357 10 00 25.98 +02 23 57.4 2.169 23.9 23.8 23.7 23.6 23.4 23.1 NB387              Mo16
HSC J100032+021535 10 00 32.66 +02 15 35.6 2.157 26.5 26.2 26.2 26.2 26.5 25.5 NB387              Kr15, Mo16
HSC J100047+020757 10 00 47.75 +02 07 57.0 2.153 19.9 19.8 19.7 19.4 19.5 18.8 NB387 AGN          Li09, Ly20
HSC J100102+011948 10 01 02.16 +01 19 48.6 2.146 19.7 19.7 19.6 19.4 19.6 18.8 NB387 AGN          Ly20
HSC J100146+033040 10 01 46.03 +03 30 40.1 2.212 22.4 22.5 22.2 21.7 22.2 21.2 NB387 AGN          Ly20
HSC J160328+545715 16 03 28.75 +54 57 15.0 2.142 21.2 21.3 21.1 20.9 21.0 20.2 NB387 AGN          Ly20
HSC J160554+544859 16 05 54.66 +54 48 59.5 2.159 21.4 21.6 21.5 21.2 21.4 20.0 NB387 AGN          Ly20
HSC J160611+542447 16 06 11.62 +54 24 47.5 2.198 20.4 20.5 20.4 20.1 20.3 19.5 NB387 AGN          Ly20
HSC J161105+532237 16 11 05.06 +53 22 37.9 2.182 21.6 21.8 21.6 21.2 21.5 20.1 NB387 AGN          Ly20
HSC J161129+545055 16 11 29.04 +54 50 55.5 2.108 20.4 20.4 20.3 20.1 20.2 19.6 NB387 AGN          Ly20
HSC J161327+541256 16 13 27.44 +54 12 56.2 2.155 21.3 21.3 21.1 20.8 20.9 20.0 NB387 AGN          Ly20
HSC J161432+543903 16 14 32.77 +54 39 03.7 2.193 21.6 21.7 21.5 21.2 21.4 20.1 NB387 AGN          Ly20
HSC J161552+553101 16 15 52.16 +55 31 01.9 2.160 21.2 21.5 21.3 21.1 21.2 20.0 NB387 AGN          Ly20
HSC J232147-010038 23 21 47.17 -01 00 38.9 2.177 21.3 21.2 21.0 20.7 20.7 20.1 NB387 AGN          Ly20
HSC J232459+001451 23 24 59.70 +00 14 51.2 2.172 21.3 21.2 21.1 20.8 20.9 19.6 NB387 AGN          Ly20
HSC J232506-012203 23 25 06.73 -01 22 03.4 2.181 20.3 20.3 20.3 20.1 20.2 19.3 NB387 AGN          Ly20
HSC J232608-011540 23 26 08.69 -01 15 40.3 2.194 22.7 22.6 22.3 21.8 21.9 21.1 NB387 AGN          Ly20
HSC J232614+003249 23 26 14.28 +00 32 49.2 2.180 20.8 20.5 20.4 20.2 20.2 19.6 NB387 AGN          Ly20
HSC J232619+000152 23 26 19.36 +00 01 52.7 2.173 22.1 22.1 21.9 21.5 21.7 21.0 NB387 AGN          Ly20
HSC J232649-000010 23 26 49.36 -00 00 10.1 2.168 22.7 22.6 22.3 21.7 21.9 21.1 NB387 AGN          Ly20
HSC J232855-004212 23 28 55.78 -00 42 12.2 2.198 20.5 20.4 20.1 19.8 19.9 19.0 NB387 AGN          Ly20
HSC J233159+000856 23 31 59.69 +00 08 56.5 2.184 20.9 20.7 20.7 20.3 20.4 19.5 NB387 AGN          Co11, Ly20
HSC J095759+015804 09 57 59.01 +01 58 04.7 3.261 23.7 23.3 23.5 23.5 23.4 22.6 NB527 AGN          Has18
HSC J095940+025255 09 59 40.18 +02 52 55.4 3.317 23.9 23.6 23.5 23.4 23.4 22.5 NB527 AGN          Has18
HSC J100013+013704 10 00 13.54 +01 37 04.6 3.489 27.0 26.8 26.2 26.0 26.1 24.5 NB527              Has18
HSC J100017+021657 10 00 17.38 +02 16 57.5 3.295 25.6 25.1 24.8 24.7 24.5 23.9 NB527              Ta17
HSC J100033+021825 10 00 33.33 +02 18 25.3 3.288 25.2 24.8 24.6 24.6 24.6 24.1 NB527              Ta17
HSC J100057+023932 10 00 57.80 +02 39 32.6 3.360 23.5 22.9 22.8 22.8 22.8 22.3 NB527 AGN          Co11, Mas12
HSC J100113+014541 10 01 13.46 +01 45 41.8 3.310 25.9 25.4 25.2 25.0 25.0 24.0 NB527              Has18
HSC J100220+020453 10 02 20.39 +02 04 53.0 3.326 24.3 24.1 23.8 23.6 23.3 22.3 NB527 AGN          Co11, Has18
HSC J095820+021658 09 58 20.94 +02 16 58.5 4.909 28.7 27.5 25.5 25.3 25.8 24.0 NB718 AGN          Ma12, Has18
HSC J095830+020631 09 58 30.61 +02 06 31.2 4.891 99.0 27.3 25.0 24.9 25.0 24.1 NB718              Ma12, Has18
HSC J095929+022950 09 59 29.35 +02 29 50.2 4.841 99.0 27.9 25.7 26.0 26.0 24.9 NB718              Ma12, Has18
HSC J095950+022451 09 59 50.03 +02 24 51.5 4.843 99.0 28.5 26.6 27.4 28.6 25.9 NB718              Ma12, Has18
HSC J095956+015451 09 59 56.14 +01 54 51.5 4.844 99.0 29.4 26.5 27.4 28.0 25.6 NB718              Ma12, Has18
HSC J100004+020845 10 00 04.17 +02 08 45.6 4.840 99.0 26.6 25.0 25.2 25.2 24.2 NB718              Ma12, Has18
HSC J100008+023456 10 00 08.76 +02 34 56.5 4.868 99.0 28.2 26.7 26.8 26.4 25.7 NB718              Has18
HSC J100030+013621 10 00 30.43 +01 36 21.7 4.844 29.2 27.5 25.7 26.0 25.9 25.0 NB718              Ma12, Has18
HSC J100041+022637 10 00 41.08 +02 26 37.4 4.869 99.0 27.5 25.6 25.8 25.9 24.5 NB718              Ma12, Has18
HSC J100055+021309 10 00 55.43 +02 13 09.1 4.873 99.0 28.6 26.1 26.3 27.3 24.1 NB718              Ma12, Has18
HSC J100122+022249 10 01 22.45 +02 22 49.8 4.865 29.4 28.5 26.4 26.5 26.3 24.9 NB718              Ma12, Has18
HSC J100145+015712 10 01 45.12 +01 57 12.2 4.910 99.0 26.6 25.1 25.0 24.9 24.4 NB718              Ma12, Has18
HSC J100145+020244 10 01 45.96 +02 02 44.3 4.888 30.0 25.8 24.1 24.1 24.1 23.0 NB718 LAB          Zh20
HSC J021524-050250 02 15 24.81 -05 02 50.9 5.702 99.0 28.7 27.1 27.7 28.3 25.4 NB816              Ni20
HSC J021525-045918 02 15 25.25 -04 59 18.2 5.674 99.0 99.0 26.6 25.8 25.7 24.8 NB816              Ji17, Ni20
HSC J021526-045229 02 15 26.23 -04 52 29.9 5.655 99.0 99.0 26.1 25.2 25.0 24.7 NB816              On21
HSC J021533-050137 02 15 33.25 -05 01 37.3 5.671 29.5 28.2 26.4 25.4 25.3 24.7 NB816              On21
HSC J021551-045325 02 15 51.35 -04 53 25.5 5.712 99.0 99.0 27.8 26.9 27.2 25.3 NB816              Ni20, On21
HSC J021553-051000 02 15 53.98 -05 10 00.4 5.732 99.0 29.0 99.0 28.7 29.0 25.7 NB816              This Study
HSC J021555-045318 02 15 55.66 -04 53 18.9 5.740 99.0 28.8 27.2 27.6 27.3 25.3 NB816              Ni20, On21
HSC J021558-045301 02 15 58.50 -04 53 01.9 5.718 99.0 99.0 27.2 27.6 27.8 25.0 NB816              On21
HSC J021601-045404 02 16 01.36 -04 54 04.2 5.722 99.0 99.0 99.0 29.4 99.0 25.9 NB816              Ni20
HSC J021609-045651 02 16 09.47 -04 56 51.3 5.691 99.0 99.0 28.4 99.0 99.0 25.8 NB816              Ni20, This Study
HSC J021612-051308 02 16 12.32 -05 13 08.5 5.724 99.0 99.0 28.1 99.0 99.0 25.4 NB816              Ni20
HSC J021617-045419 02 16 17.16 -04 54 19.4 5.710 99.0 99.0 28.5 29.1 27.6 25.6 NB816              Ni20, On21
HSC J021624-045516 02 16 24.71 -04 55 16.7 5.707 99.0 99.0 26.4 25.9 25.8 23.9 NB816              Ji17, Ni20
HSC J021625-045237 02 16 25.65 -04 52 37.3 5.730 99.0 99.0 28.2 28.9 27.1 25.1 NB816              On21
HSC J021628-050103 02 16 28.06 -05 01 03.8 5.695 99.0 29.2 27.5 28.2 99.0 25.1 NB816              Ni20, On21
HSC J021629-050259 02 16 29.60 -05 02 59.2 5.678 29.1 99.0 27.9 27.9 28.5 25.9 NB816              Ni20
HSC J021630-045734 02 16 30.40 -04 57 34.4 5.700 29.8 29.0 28.0 99.0 28.3 25.9 NB816              This Study
HSC J021636-044723 02 16 36.45 -04 47 23.7 5.721 99.0 29.9 27.2 26.5 26.7 25.2 NB816              Ni20, On21
HSC J021639-051346 02 16 39.90 -05 13 46.9 5.705 99.0 99.0 27.6 27.4 27.7 25.3 NB816              Ni20
HSC J021654-052155 02 16 54.61 -05 21 55.7 5.715 29.0 28.7 26.8 26.9 26.7 24.7 NB816              Ji18, Ha19, Ni20
HSC J021657-052117 02 16 57.89 -05 21 17.3 5.669 99.0 99.0 26.7 26.4 27.2 25.3 NB816              Ji17, Ji18, Ha19, Ni20
HSC J021659-052305 02 16 59.95 -05 23 05.4 5.700 29.0 99.0 28.1 27.9 27.1 25.7 NB816              Ha19
HSC J021700-051810 02 17 00.80 -05 18 10.5 5.713 99.0 99.0 28.0 27.9 99.0 25.6 NB816              Ji18, Ni20
HSC J021700-053130 02 17 00.62 -05 31 30.5 5.754 99.0 29.6 27.0 26.9 26.5 25.2 NB816              Ji18, Ni20
HSC J021701-051841 02 17 01.44 -05 18 41.6 5.679 99.0 99.0 28.0 27.1 27.6 25.7 NB816              Ha19
HSC J021704-052714 02 17 04.30 -05 27 14.4 5.687 99.0 28.4 26.5 26.6 26.1 24.4 NB816              Ji17, Ji18, Ha19, Ni20
HSC J021705-052427 02 17 05.19 -05 24 27.6 5.705 99.0 29.7 27.9 99.0 99.0 26.0 NB816              Ni20
HSC J021707-052723 02 17 07.98 -05 27 23.4 5.720 99.0 99.0 27.4 28.7 99.0 26.1 NB816              Ha19
HSC J021707-053426 02 17 07.86 -05 34 26.7 5.680 99.0 99.0 26.5 26.3 26.4 24.4 NB816              Ji17, Ji18, Ha19, Ni20
HSC J021708-052421 02 17 08.87 -05 24 21.7 5.675 29.3 28.5 27.2 26.9 27.4 25.7 NB816              Ji18, Ni20
HSC J021709-050329 02 17 09.78 -05 03 29.3 5.709 99.0 29.3 27.1 26.7 28.9 25.0 NB816              On21
HSC J021709-052646 02 17 09.96 -05 26 46.7 5.689 99.0 99.0 27.8 27.0 27.5 25.4 NB816              Ha19, Ni20
HSC J021709-052731 02 17 09.52 -05 27 31.5 5.676 99.0 29.6 27.8 99.0 28.3 25.7 NB816              Ji18, Ha19, Ni20
HSC J021710-044351 02 17 10.47 -04 43 51.6 5.691 99.0 28.0 27.4 28.6 27.4 25.9 NB816              Ni20, This Study
HSC J021713-053558 02 17 13.80 -05 35 58.0 5.686 28.7 99.0 27.4 26.0 26.0 25.2 NB816              Ha19
HSC J021714-053502 02 17 14.93 -05 35 02.9 5.685 99.0 29.9 27.7 26.3 29.7 25.5 NB816              Ha19
HSC J021719-043150 02 17 19.14 -04 31 50.7 5.735 99.0 99.0 27.5 26.8 27.2 25.0 NB816              Ni20, On21
HSC J021722-052805 02 17 22.28 -05 28 05.4 5.682 99.0 99.0 27.6 27.6 27.0 25.7 NB816              Ji18, Ha19, Ni20
HSC J021723-052559 02 17 23.53 -05 25 59.9 5.707 99.0 99.0 28.9 29.1 27.6 25.8 NB816              This Study
HSC J021724-053309 02 17 24.04 -05 33 09.8 5.708 29.0 28.2 25.8 25.5 25.8 23.6 NB816              Ji17, Ji18, Sh18, Ha19, Ni20
HSC J021725-050737 02 17 25.90 -05 07 37.7 5.701 99.0 99.0 27.7 27.0 26.7 24.8 NB816              On21
HSC J021726-045126 02 17 26.74 -04 51 26.8 5.709 99.0 99.0 27.6 99.0 28.3 25.0 NB816              On21
HSC J021729-053028 02 17 29.19 -05 30 28.6 5.746 99.0 99.0 27.8 28.8 99.0 25.1 NB816              Ha19
HSC J021733-050901 02 17 33.18 -05 09 01.3 5.679 99.0 99.0 27.7 29.7 28.6 25.7 NB816              Ni20
HSC J021734-053452 02 17 34.16 -05 34 52.8 5.710 99.0 99.0 29.8 99.0 27.9 25.3 NB816              Ji18, Ha19, Ni20
HSC J021736-052701 02 17 36.38 -05 27 01.7 5.674 99.0 29.4 26.8 26.4 26.5 25.3 NB816              Ji17, Ji18, Ha19, Ni20
HSC J021736-053027 02 17 36.68 -05 30 27.6 5.686 99.0 99.0 27.9 27.2 99.0 25.7 NB816              Ha19
HSC J021737-043943 02 17 37.97 -04 39 43.1 5.755 29.2 99.0 27.0 26.5 26.1 24.7 NB816              On21
HSC J021738-053048 02 17 38.29 -05 30 48.8 5.687 99.0 29.0 28.8 27.9 27.8 25.9 NB816              Ha19
HSC J021739-043837 02 17 39.26 -04 38 37.4 5.722 99.0 99.0 27.9 27.6 99.0 24.8 NB816              Ni20, On21
HSC J021740-044544 02 17 40.60 -04 45 44.2 5.704 99.0 99.0 99.0 99.0 99.0 26.0 NB816              This Study
HSC J021741-044426 02 17 41.29 -04 44 26.7 5.704 99.0 99.0 27.9 27.5 28.2 25.8 NB816              Ni20, This Study
HSC J021742-052810 02 17 42.18 -05 28 10.6 5.679 28.8 28.5 27.0 26.3 26.0 25.5 NB816              Ha19, Ni20
HSC J021745-044129 02 17 45.74 -04 41 29.3 5.676 29.3 99.0 26.8 27.5 26.6 25.1 NB816              Ni20, On21
HSC J021745-052936 02 17 45.26 -05 29 36.2 5.688 29.4 99.0 26.7 26.2 26.6 24.6 NB816              Ou08, Ji17, Ji18, Ni20
HSC J021747-052252 02 17 47.42 -05 22 52.0 5.722 99.0 99.0 28.8 28.1 99.0 25.7 NB816              This Study
HSC J021748-043948 02 17 48.67 -04 39 48.9 5.668 99.0 99.0 27.8 27.6 27.5 26.0 NB816              Ni20, This Study
HSC J021748-051550 02 17 48.77 -05 15 50.0 5.681 99.0 99.0 27.2 26.8 99.0 25.9 NB816              Ji18, Ni20
HSC J021748-053127 02 17 48.47 -05 31 27.1 5.690 99.0 29.9 26.9 26.3 26.7 24.6 NB816              Ou08, Ji17, Ji18, Ni20
HSC J021750-052708 02 17 50.00 -05 27 08.2 5.693 99.0 99.0 27.3 26.8 26.2 25.0 NB816              Ou08, Ji18, Ni20
HSC J021751-053003 02 17 51.15 -05 30 03.8 5.712 99.0 28.6 27.2 26.3 26.2 25.3 NB816              Ou08, Ji18, Ni20
HSC J021755-043251 02 17 55.40 -04 32 51.6 5.692 28.9 28.6 27.3 26.7 27.1 24.9 NB816              Ni20, On21
HSC J021755-053027 02 17 55.84 -05 30 27.1 5.694 99.0 99.0 27.9 27.1 99.0 25.7 NB816              Ha19
HSC J021757-053309 02 17 57.67 -05 33 09.5 5.749 29.8 99.0 27.0 26.5 26.9 24.9 NB816              Ji18, Ha19, Ni20
HSC J021758-043030 02 17 58.92 -04 30 30.5 5.690 29.7 99.0 26.6 25.9 26.0 24.5 NB816              Ji17, Ni20
HSC J021759-042758 02 17 59.91 -04 27 58.0 5.661 99.0 99.0 27.4 26.9 27.1 26.1 NB816              Ni20, This Study
HSC J021759-045346 02 17 59.00 -04 53 46.0 5.682 28.9 28.1 27.3 27.5 26.7 25.6 NB816              Ni20
HSC J021759-052015 02 17 59.76 -05 20 15.1 5.700 99.0 99.0 28.0 27.9 28.9 25.4 NB816              Ni20
HSC J021800-053519 02 18 00.73 -05 35 19.2 5.673 99.0 99.0 26.6 25.3 25.3 25.0 NB816              Ha19, Ni20
HSC J021802-050038 02 18 02.30 -05 00 38.8 5.733 99.0 99.0 28.3 29.4 99.0 25.4 NB816              Ni20
HSC J021802-052011 02 18 02.19 -05 20 11.6 5.715 99.0 99.0 28.1 27.6 28.2 25.4 NB816              Ji18, Ha19, Ni20
HSC J021803-044653 02 18 03.59 -04 46 53.2 5.670 99.0 28.4 27.8 27.3 27.7 25.7 NB816              Ni20, This Study
HSC J021803-051356 02 18 03.81 -05 13 56.6 5.697 99.0 99.0 27.8 27.5 27.3 25.2 NB816              Ni20
HSC J021803-052643 02 18 03.89 -05 26 43.5 5.747 99.0 29.2 27.2 26.9 27.0 24.8 NB816              Ji18, Ha19, Ni20
HSC J021804-052147 02 18 04.18 -05 21 47.3 5.734 99.0 29.1 26.7 25.8 25.8 24.7 NB816              Ji18, Ha19, Ni20
HSC J021805-052027 02 18 05.29 -05 20 27.1 5.742 99.0 99.0 27.9 27.0 27.4 25.0 NB816              Ji18, Ha19, Ni20
HSC J021805-052704 02 18 05.19 -05 27 04.2 5.748 99.0 99.0 27.4 27.4 26.6 24.9 NB816              Ji18, Ha19, Ni20
HSC J021806-042847 02 18 06.16 -04 28 47.7 5.727 28.9 29.4 27.3 27.0 27.0 25.4 NB816              Ni20, On21
HSC J021807-043058 02 18 07.06 -04 30 58.4 5.725 28.9 28.3 27.1 27.1 28.0 25.5 NB816              Ni20
HSC J021807-051526 02 18 07.70 -05 15 26.8 5.750 99.0 99.0 26.8 26.5 26.8 25.0 NB816              Ji18, Ni20
HSC J021810-053708 02 18 10.68 -05 37 08.0 5.749 99.0 28.9 26.9 26.5 26.2 24.4 NB816              Ji18, Ni20
HSC J021814-053249 02 18 14.40 -05 32 49.2 5.673 99.0 29.1 26.6 26.0 25.5 25.2 NB816              Ou08, Ji18, Ni20
HSC J021819-050355 02 18 19.58 -05 03 55.5 5.743 99.0 29.8 26.9 26.2 26.1 25.0 NB816              Ni20, On21
HSC J021821-044900 02 18 21.28 -04 49 00.3 5.705 29.0 29.4 27.5 26.9 26.6 25.3 NB816              Ni20
HSC J021822-042926 02 18 22.92 -04 29 26.0 5.697 99.0 99.0 28.6 99.0 99.0 25.3 NB816              On21
HSC J021823-044335 02 18 23.29 -04 43 35.1 5.670 99.0 29.4 26.1 25.0 25.1 24.8 NB816              Ji17, Ni20
HSC J021823-053205 02 18 23.82 -05 32 05.4 5.679 29.2 29.8 27.4 27.5 27.6 25.8 NB816              Ou08, Ji18, Ni20
HSC J021825-050700 02 18 25.43 -05 07 00.6 5.683 29.3 99.0 29.3 27.5 99.0 25.6 NB816              On21
HSC J021827-044737 02 18 27.45 -04 47 37.1 5.703 99.0 99.0 26.4 26.4 26.5 23.9 NB816              Ji17, Ni20
HSC J021828-051423 02 18 28.89 -05 14 23.1 5.737 99.0 99.0 26.7 26.6 26.2 24.2 NB816              Ha19
HSC J021830-051457 02 18 30.54 -05 14 57.8 5.688 99.0 29.7 26.3 26.6 26.8 23.9 NB816              Ha19
HSC J021835-042321 02 18 35.95 -04 23 21.7 5.755 99.0 99.0 25.6 25.3 25.6 23.4 NB816              Sh18
HSC J021836-053208 02 18 36.15 -05 32 08.8 5.726 99.0 29.9 28.4 99.0 27.3 25.1 NB816              Ni20
HSC J021836-053528 02 18 36.38 -05 35 28.1 5.698 29.1 29.2 26.3 25.7 25.3 23.9 NB816              On21
HSC J021845-052915 02 18 45.03 -05 29 15.9 5.660 99.0 29.6 26.5 26.0 25.8 25.2 NB816              On21
HSC J021846-043722 02 18 46.66 -04 37 22.4 5.735 99.0 29.5 27.6 27.3 26.8 25.0 NB816              On21
HSC J021847-052725 02 18 47.77 -05 27 25.0 5.662 99.0 99.0 27.7 27.0 26.8 25.8 NB816              This Study
HSC J021848-051715 02 18 48.23 -05 17 15.6 5.741 29.3 99.0 26.9 25.9 25.7 24.7 NB816              On21
HSC J021848-052235 02 18 48.99 -05 22 35.4 5.718 29.7 28.6 26.6 26.2 26.4 24.8 NB816              On21
HSC J021850-053007 02 18 50.99 -05 30 07.6 5.705 99.0 28.3 27.2 25.9 25.6 25.0 NB816              On21
HSC J021855-044022 02 18 55.47 -04 40 22.8 5.659 29.0 29.4 27.4 27.2 29.1 26.1 NB816              This Study
HSC J021857-045648 02 18 57.33 -04 56 48.9 5.681 29.7 99.0 28.2 27.1 99.0 25.4 NB816              Ni20, On21
HSC J021859-052916 02 18 59.93 -05 29 16.8 5.674 29.1 27.8 25.6 24.8 24.7 24.3 NB816              On21
HSC J021911-045707 02 19 11.04 -04 57 07.6 5.704 99.0 99.0 27.7 28.7 28.6 25.2 NB816              Ni20, On21
HSC J021916-051402 02 19 16.44 -05 14 02.9 5.710 99.0 29.2 26.7 26.3 26.2 24.8 NB816              Ni20
HSC J021943-044914 02 19 43.91 -04 49 14.4 5.684 99.0 99.0 27.9 27.2 26.8 25.4 NB816              Ni20, On21
HSC J021945-044659 02 19 45.86 -04 46 59.5 5.691 29.6 99.0 27.7 26.9 26.8 25.6 NB816              Ni20
HSC J021951-051038 02 19 51.16 -05 10 38.4 5.667 99.0 29.2 26.9 27.1 26.5 25.6 NB816              Ni20
HSC J022001-045839 02 20 01.06 -04 58 39.7 5.682 99.0 99.0 27.1 27.2 27.1 25.5 NB816              Ni20
HSC J022001-045839 02 20 01.06 -04 58 39.7 5.682 99.0 99.0 27.1 27.2 27.1 25.5 NB816              On21
HSC J022001-051637 02 20 01.11 -05 16 37.4 5.711 29.7 29.2 26.1 25.7 25.8 23.6 NB816              Sh18
HSC J022003-045416 02 20 03.20 -04 54 16.6 5.697 99.0 29.5 26.3 25.3 25.2 24.6 NB816              On21
HSC J022012-044950 02 20 12.14 -04 49 50.9 5.681 99.0 99.0 27.0 26.7 28.6 25.3 NB816              Ou08, Ni20
HSC J022017-045046 02 20 17.68 -04 50 46.7 5.675 99.0 99.0 27.9 27.6 99.0 26.1 NB816              This Study
HSC J022021-045315 02 20 21.50 -04 53 15.2 5.671 99.0 28.4 27.2 27.1 28.3 25.9 NB816              Ou08, Ni20
HSC J022026-045217 02 20 26.89 -04 52 17.8 5.720 28.9 27.7 26.3 25.8 25.6 25.1 NB816              Ni20, On21
HSC J022036-045819 02 20 36.28 -04 58 19.5 5.699 99.0 99.0 27.7 27.6 99.0 25.4 NB816              Ni20
HSC J095835+014212 09 58 35.63 +01 42 12.8 5.755 99.0 99.0 26.8 26.6 26.5 24.6 NB816              Ni20
HSC J095841+015027 09 58 41.83 +01 50 27.7 5.705 99.0 99.0 27.6 27.4 28.4 25.6 NB816              Ni20
HSC J095850+014148 09 58 50.72 +01 41 48.9 5.700 99.0 99.0 27.4 26.5 27.4 24.9 NB816              Ni20
HSC J095905+014747 09 59 05.40 +01 47 47.8 5.685 99.0 99.0 27.5 27.2 27.7 25.1 NB816              Ni20
HSC J095908+020847 09 59 08.42 +02 08 47.1 5.689 99.0 29.9 27.9 26.9 26.9 25.9 NB816              Ni20
HSC J095911+015237 09 59 11.28 +01 52 37.4 5.678 99.0 99.0 27.2 26.3 26.2 25.7 NB816              Ni20
HSC J095912+014436 09 59 12.14 +01 44 36.1 5.686 99.0 99.0 28.3 28.0 99.0 26.1 NB816              Ni20
HSC J095918+020912 09 59 18.94 +02 09 12.1 5.729 99.0 99.0 27.9 27.8 27.4 25.3 NB816              Ni20
HSC J095919+020321 09 59 19.74 +02 03 21.9 5.704 99.0 99.0 28.4 28.7 28.0 24.9 NB816              Ma12, Has18
HSC J095919+020321 09 59 19.74 +02 03 21.9 5.710 99.0 99.0 28.4 28.7 28.0 24.9 NB816              Ni20
HSC J095921+014141 09 59 21.11 +01 41 41.0 5.716 99.0 99.0 27.5 28.0 28.1 24.8 NB816              Ni20
HSC J095922+021029 09 59 22.27 +02 10 29.2 5.716 28.8 28.8 27.0 28.3 27.2 25.2 NB816              On21
HSC J095923+020214 09 59 23.66 +02 02 14.4 5.724 99.0 99.0 28.2 27.3 27.1 25.5 NB816              Ni20
HSC J095930+023618 09 59 30.92 +02 36 18.2 5.700 99.0 99.0 27.3 26.9 26.8 25.1 NB816              Ni20
HSC J095932+014645 09 59 32.85 +01 46 45.1 5.735 99.0 29.2 27.6 28.4 28.5 25.3 NB816              Ni20
HSC J095940+020520 09 59 40.47 +02 05 20.6 5.748 29.0 30.0 27.3 28.0 27.7 25.0 NB816              Ni20
HSC J095944+020050 09 59 44.06 +02 00 50.6 5.688 29.1 28.3 26.7 26.1 26.7 24.8 NB816              Ma12, Has18, Ni20
HSC J095946+013208 09 59 46.72 +01 32 08.3 5.735 99.0 99.0 26.5 25.5 25.7 24.4 NB816              Has18
HSC J095946+014352 09 59 46.14 +01 43 52.8 5.717 99.0 28.4 26.9 26.7 26.6 25.1 NB816              Ma12, Has18
HSC J095947+014449 09 59 47.55 +01 44 49.4 5.700 99.0 99.0 27.4 27.3 26.4 25.2 NB816              Ni20
HSC J095950+020310 09 59 50.75 +02 03 10.6 5.690 99.0 28.9 27.6 26.8 26.4 25.4 NB816              Ni20
HSC J095950+023223 09 59 50.99 +02 32 23.1 5.666 28.9 28.4 26.8 26.5 27.1 25.5 NB816              Ma12, Has18
HSC J095952+013723 09 59 52.13 +01 37 23.2 5.724 99.0 29.8 26.5 26.0 26.0 24.2 NB816              Ma12, Has18
HSC J095952+015005 09 59 52.03 +01 50 05.7 5.744 99.0 29.1 26.3 25.4 25.3 24.5 NB816              Ma12, Has18, Ni20
HSC J095952+015700 09 59 52.60 +01 57 00.7 5.728 99.0 29.2 27.0 27.1 26.5 25.1 NB816              Ni20
HSC J095953+020705 09 59 53.25 +02 07 05.3 5.692 28.8 28.2 25.7 24.6 24.5 24.0 NB816              Ma12, Has18
HSC J095954+021039 09 59 54.78 +02 10 39.2 5.662 99.0 29.9 26.8 26.6 26.4 25.0 NB816              Ma12, Ji17, Has18, Ni20
HSC J095954+021516 09 59 54.52 +02 15 16.5 5.688 99.0 99.0 27.3 26.8 27.6 24.8 NB816              Ma12, Has18, Ni20
HSC J095955+014720 09 59 55.00 +01 47 20.7 5.715 99.0 99.0 26.7 25.9 25.8 24.3 NB816              Ma12, Has18
HSC J100001+020620 10 00 01.62 +02 06 20.3 5.706 99.0 28.7 27.2 26.5 26.3 25.1 NB816              Ni20
HSC J100005+020716 10 00 05.06 +02 07 16.9 5.704 99.0 99.0 27.8 27.2 27.4 24.8 NB816              Ma12, Has18, Ni20
HSC J100012+021930 10 00 12.80 +02 19 30.9 5.750 99.0 99.0 27.6 26.9 27.3 25.4 NB816              Ni20
HSC J100013+014026 10 00 13.42 +01 40 26.3 5.702 99.0 28.1 26.8 25.9 25.7 25.1 NB816              Ni20
HSC J100019+020103 10 00 19.98 +02 01 03.2 5.645 99.0 99.0 27.0 26.9 26.5 25.6 NB816              Ma12, Has18, Ni20
HSC J100023+015608 10 00 23.22 +01 56 08.1 5.717 99.0 99.0 27.5 26.6 25.9 25.1 NB816              Ni20
HSC J100029+015000 10 00 29.58 +01 50 00.6 5.707 99.0 99.0 27.3 26.6 27.0 25.2 NB816              Ma12, Has18
HSC J100029+024115 10 00 29.12 +02 41 15.7 5.735 99.0 28.3 26.8 26.7 27.3 25.0 NB816              Ma12, Has18
HSC J100030+021714 10 00 30.40 +02 17 14.8 5.695 99.0 99.0 27.5 26.8 26.8 24.6 NB816              Ma12, Has18, Ni20
HSC J100040+021903 10 00 40.21 +02 19 03.3 5.719 29.1 28.5 26.8 26.5 26.9 24.9 NB816              Ma12, Ta17, Has18, Ni20
HSC J100042+022135 10 00 42.75 +02 21 35.7 5.684 99.0 99.0 99.0 99.0 99.0 26.1 NB816              Ni20
HSC J100044+022719 10 00 44.49 +02 27 19.1 5.684 99.0 99.0 27.3 27.5 99.0 25.2 NB816              Ni20
HSC J100058+013642 10 00 58.41 +01 36 42.8 5.688 99.0 28.2 27.1 27.6 26.3 25.2 NB816              Ma12, Has18
HSC J100100+022926 10 01 00.36 +02 29 26.3 5.724 29.5 29.3 26.8 26.2 26.4 24.8 NB816              Ni20
HSC J100102+015144 10 01 02.95 +01 51 44.7 5.666 29.7 28.1 26.6 26.1 26.1 25.2 NB816              Ma12, Has18, Ni20
HSC J100103+021444 10 01 03.24 +02 14 44.9 5.685 99.0 99.0 29.0 27.7 28.1 26.1 NB816              Ni20
HSC J100107+015222 10 01 07.35 +01 52 22.7 5.668 99.0 99.0 27.4 27.0 28.5 25.6 NB816              Ma12, Has18, Ni20
HSC J100110+021357 10 01 10.16 +02 13 57.9 5.682 99.0 99.0 99.0 29.2 99.0 25.5 NB816              Ni20
HSC J100110+022829 10 01 10.06 +02 28 29.1 5.681 29.6 27.8 26.1 25.0 25.0 24.5 NB816              Ma12, Has18, Ni20
HSC J100123+015600 10 01 23.84 +01 56 00.3 5.726 99.0 99.0 26.5 25.9 26.0 24.0 NB816              Ma12, Has18
HSC J100126+014430 10 01 26.89 +01 44 30.1 5.686 99.0 99.0 26.7 26.2 26.0 24.6 NB816              Ma12, Has18
HSC J100127+023005 10 01 27.76 +02 30 05.9 5.696 29.5 29.1 26.6 25.9 26.1 24.6 NB816              Ma12, Has18
HSC J100129+014929 10 01 29.08 +01 49 29.8 5.707 99.0 99.0 26.1 25.6 25.5 23.8 NB816              Ma12, Has18, Ni20
HSC J100131+014320 10 01 31.12 +01 43 20.3 5.728 28.9 28.1 26.7 26.4 26.4 24.8 NB816              Ma12, Has18
HSC J100131+023105 10 01 31.07 +02 31 05.9 5.690 29.5 99.0 26.9 26.8 26.8 24.7 NB816              Ma12, Has18
HSC J100146+014827 10 01 46.64 +01 48 27.1 5.704 99.0 28.3 26.9 26.9 27.3 24.7 NB816              On21
HSC J100203+013623 10 02 03.15 +01 36 23.8 5.742 29.2 28.1 26.3 25.9 26.1 24.2 NB816              Has18
HSC J100214+021243 10 02 14.21 +02 12 43.0 5.731 99.0 99.0 27.7 26.8 27.2 24.8 NB816              On21
HSC J100301+020236 10 03 01.15 +02 02 36.0 5.682 99.0 28.7 26.1 25.0 25.0 24.7 NB816              Ma12, Has18
HSC J100305+015141 10 03 05.33 +01 51 41.0 5.694 99.0 28.4 27.0 26.3 26.0 25.0 NB816              Ma12, Has18
HSC J100306+014742 10 03 06.13 +01 47 42.7 5.680 99.0 99.0 26.9 26.9 27.4 24.7 NB816              Ma12, Has18
HSC J161403+535701 16 14 03.82 +53 57 01.1 5.733 99.0 99.0 26.1 24.9 25.2 23.9 NB816 LAB          Zh20
HSC J161927+551144 16 19 27.72 +55 11 44.8 5.709 28.9 27.7 25.6 25.3 25.4 23.3 NB816 LAB          Zh20
HSC J232558+002557 23 25 58.44 +00 25 57.6 5.703 29.9 28.2 25.7 25.2 25.3 23.6 NB816              Sh18
HSC J233408+004403 23 34 08.80 +00 44 03.7 5.707 28.5 99.0 25.5 26.0 26.6 22.8 NB816              Sh18
HSC J021650-051016 02 16 50.88 -05 10 16.5 6.535 99.0 99.0 99.0 27.6 27.8 25.9 NB921              Ou10
HSC J021653-050601 02 16 53.91 -05 06 01.4 6.590 99.0 99.0 99.0 27.7 99.0 26.1 NB921              Ou10
HSC J021654-045557 02 16 54.54 -04 55 57.1 6.617 99.0 99.0 99.0 27.2 26.3 25.1 NB921              Ou10, Ni22
HSC J021654-050004 02 16 54.38 -05 00 04.3 6.512 99.0 99.0 99.0 26.9 99.0 25.4 NB921              Ou10, Ni22
HSC J021658-045556 02 16 58.26 -04 55 56.9 6.573 99.0 99.0 99.0 27.2 99.0 25.5 NB921              Ou10
HSC J021702-050604 02 17 02.56 -05 06 04.7 6.545 29.0 99.0 29.5 26.5 27.3 24.9 NB921              Ou10
HSC J021703-045619 02 17 03.47 -04 56 19.1 6.589 99.0 99.0 99.0 26.6 25.8 24.7 NB921              Ou10
HSC J021746-042539 02 17 46.31 -04 25 39.4 6.577 29.3 99.0 99.0 27.0 27.8 25.5 NB921              This Study
HSC J021751-042450 02 17 51.42 -04 24 50.0 6.559 99.0 29.0 28.6 27.1 27.6 26.1 NB921              Ni22
HSC J021757-050414 02 17 57.00 -05 04 14.3 6.570 99.0 99.0 99.0 27.0 26.7 25.9 NB921              Ha19
HSC J021757-050844 02 17 57.58 -05 08 44.7 6.595 99.0 99.0 99.0 25.7 25.3 23.8 NB921 Himiko       Ou10, Ji17, Ha19, Ni22
HSC J021757-051556 02 17 57.32 -05 15 56.5 6.564 29.0 99.0 99.0 99.0 26.2 26.0 NB921              Ha19
HSC J021800-050330 02 18 00.80 -05 03 30.4 6.613 29.8 99.0 99.0 27.3 28.6 25.5 NB921              Ha19
HSC J021800-050346 02 18 00.23 -05 03 46.9 6.601 99.0 99.0 99.0 27.6 26.7 25.5 NB921              Ha19
HSC J021806-042657 02 18 06.28 -04 26 57.3 6.570 29.8 29.6 99.0 29.2 28.2 25.9 NB921              This Study
HSC J021819-050900 02 18 19.40 -05 09 00.8 6.563 99.0 99.0 99.0 26.9 26.3 25.2 NB921              Ou10, Ha19
HSC J021820-051109 02 18 20.70 -05 11 09.9 6.575 99.0 99.0 99.0 27.5 27.6 25.0 NB921              Ou10, Ha19
HSC J021827-050629 02 18 27.95 -05 06 29.9 6.597 99.0 99.0 99.0 27.4 99.0 25.4 NB921              Ha19
HSC J021827-050727 02 18 27.01 -05 07 27.0 6.553 99.0 99.0 28.8 27.1 99.0 25.1 NB921              Ou10, Ha19, Ni22
HSC J021834-053024 02 18 34.53 -05 30 24.3 6.580 99.0 99.0 99.0 28.4 25.6 25.6 NB921              This Study
HSC J021839-042639 02 18 39.74 -04 26 39.7 6.553 99.0 29.1 28.2 27.9 26.6 25.6 NB921              This Study
HSC J021842-043011 02 18 42.60 -04 30 11.4 6.548 99.0 99.0 99.0 26.7 26.6 24.9 NB921              On21
HSC J021843-050915 02 18 43.64 -05 09 15.7 6.512 99.0 28.8 28.1 26.0 25.5 24.7 NB921              Sh18, Ha18, Ni22
HSC J021844-043636 02 18 44.66 -04 36 36.3 6.621 99.0 99.0 99.0 26.5 26.5 24.7 NB921              Ou10, Ni22
HSC J021901-045859 02 19 01.43 -04 58 59.0 6.556 99.0 28.5 29.4 26.5 26.3 24.8 NB921              Ji17, Ni22
HSC J021933-050820 02 19 33.13 -05 08 20.8 6.590 99.0 99.0 99.0 26.9 26.8 24.9 NB921              On21, Ni22
HSC J022023-050648 02 20 23.81 -05 06 48.9 6.550 99.0 99.0 99.0 27.5 99.0 25.6 NB921              Ni22, This Study
HSC J022026-050542 02 20 26.83 -05 05 42.5 6.566 99.0 99.0 99.0 27.0 29.2 25.2 NB921              On21, Ni22
HSC J095935+022505 09 59 35.07 +02 25 05.2 6.573 99.0 30.0 28.8 26.6 26.8 25.0 NB921              Ni22
HSC J100018+020008 10 00 18.35 +02 00 08.2 6.574 99.0 99.0 99.0 27.7 26.5 24.9 NB921              Ni22
HSC J100058+014815 10 00 58.00 +01 48 15.1 6.604 99.0 99.0 29.8 25.5 24.8 23.5 NB921 LAB (CR7)    So15, Has18, Ni22
HSC J100124+023145 10 01 24.79 +02 31 45.5 6.545 29.2 29.6 28.6 25.8 25.9 24.0 NB921 LAB (MASOSA) So15, Ji17, Ni22
HSC J100207+023217 10 02 07.81 +02 32 17.2 6.616 99.0 99.0 99.0 27.1 26.7 25.0 NB921              On21
HSC J160107+550720 16 01 07.44 +55 07 20.7 6.573 28.5 99.0 28.6 26.0 25.2 24.2 NB921              Sh18
HSC J160707+555347 16 07 07.46 +55 53 47.9 6.564 99.0 99.0 99.0 26.1 99.0 24.1 NB921              Sh18
HSC J233125-005216 23 31 25.36 -00 52 16.5 6.559 99.0 99.0 99.0 25.4 27.5 23.3 NB921              Sh18
HSC J100205+020646 10 02 05.96 +02 06 46.2 6.936 99.0 99.0 99.0 99.0 25.5 24.2 NB973              Hu17
